21:56:53:681;95;0037;0008;0008;0007;0008;4095;0036;0007;0006;0006;0007;0
21:56:53:682;4095;4095;0043;0010;0010;0010;4095;4095;0040;0005;0006;0006;4095;0037;0007;0008;0008;0008;4095;0035;0006;0007;0007;0007;0
21:56:53:683;4095;4095;0043;0010;0009;0010;4095;4095;0041;0006;0006;0006;4095;0037;0007;0008;0007;0008;4095;0035;0007;0006;0006;0006;0
21:56:53:684;4095;4095;0043;0009;0010;0010;4095;4095;0040;0006;0005;0006;4095;0037;0008;0008;0008;0008;4095;0035;0006;0006;0006;0007;0
21:56:53:686;4095;4095;0043;0010;0010;0010;4095;4095;0040;0006;0005;0006;4095;0036;0008;0009;0008;0008;4095;0036;0006;0007;0006;0007;0
21:56:53:687;4095;4095;0043;0011;0009;0009;4095;4095;0040;0006;0006;0006;4095;0036;0008;0008;0008;0008;4095;0036;0007;0006;0006;0006;0
21:56:53:689;4095;4095;0043;0010;0009;0010;4095;4095;0040;0006;0006;0006;4095;0037;0008;0008;0008;0008;4095;0036;0007;0007;0007;0006;0
21:56:53:690;4095;4095;0043;0010;0009;0010;4095;4095;0040;0006;0005;0006;4095;0037;0008;0008;0007;0008;4095;0035;0007;0006;0007;0006;0
21:56:53:692;4095;4095;0043;0010;0010;0010;4095;4095;0040;0006;0006;0006;4095;0037;0008;0008;0008;0009;4095;0035;0007;0006;0007;0006;0
21:56:53:693;4095;4095;0043;0010;0009;0010;4095;4095;0040;0006;0006;0006;4095;0036;0008;0008;0008;0008;4095;0035;0007;0007;0007;0007;0
21:56:53:694;4095;4095;0044;0010;0008;0010;4095;4095;0040;0006;0005;0006;4095;0037;0008;0008;0008;0009;4095;0035;0006;0006;0006;0006;0
21:56:53:696;4095;4095;0043;0010;0009;0010;4095;4095;0040;0006;0006;0006;4095;0037;0008;0008;0008;0009;4095;0035;0007;0006;0007;0006;0
21:56:53:697;4095;4095;0043;0010;0009;0010;4095;4095;0040;0006;0006;0006;4095;0037;0008;0008;0008;0008;4095;0036;0007;0007;0006;0007;0
21:56:53:698;4095;4095;0043;0010;0010;0010;4095;4095;0040;0006;0006;0005;4095;0036;0008;0008;0007;0008;4095;0035;0007;0006;0007;0006;0
21:56:53:700;4095;4095;0043;0009;0010;0010;4095;4095;0040;0005;0006;0006;4095;0037;0008;0008;0007;0008;4095;0035;0007;0006;0007;0006;0
21:56:53:705;4095;4095;0043;0010;0010;0010;4095;4095;0040;0006;0006;0006;4095;0037;0007;0008;0008;0008;4095;0035;0007;0007;0007;0006;0
21:56:53:706;4095;4095;0043;0010;0010;0009;4095;4095;0040;0006;0006;0006;4095;0037;0008;0008;0008;0008;4095;0035;0007;0006;0007;0006;0
21:56:53:708;4095;4095;0044;0010;0009;0010;4095;4095;0040;0006;0006;0006;4095;0038;0008;0008;0007;0008;4095;0035;0006;0006;0007;0007;0
21:56:53:711;4095;4095;0043;0010;0009;0010;4095;4095;0040;0006;0006;0006;4095;0036;0008;0008;0007;0008;4095;0036;0007;0006;0006;0006;0
21:56:53:714;4095;4095;0043;0010;0009;0010;4095;4095;0041;0006;0006;0006;4095;0037;0008;0009;0008;0008;4095;0035;0007;0006;0006;0007;0
21:56:53:716;4095;4095;0043;0010;0009;0009;4095;4095;0040;0006;0006;0005;4095;0037;0008;0008;0009;0008;4095;0035;0007;0007;0007;0005;0
21:56:53:718;4095;4095;0043;0010;0009;0009;4095;4095;0041;0006;0006;0006;4095;0037;0008;0008;0008;0008;4095;0035;0007;0007;0006;0006;0
21:56:53:719;4095;4095;0044;0010;0010;0010;4095;4095;0040;0006;0006;0006;4095;0037;0008;0008;0008;0008;4095;0035;0006;0006;0006;0006;0
21:56:53:720;4095;4095;0043;0010;0009;0010;4095;4095;0041;0006;0006;0006;4095;0037;0008;0008;0007;0008;4095;0035;0007;0007;0006;0007;0
21:56:53:721;4095;4095;0043;0010;0009;0010;4095;4095;0040;0006;0005;0006;4095;0037;0008;0008;0008;0008;4095;0035;0006;0006;0006;0007;0
21:56:53:722;4095;4095;0043;0010;0010;0010;4095;4095;0040;0006;0006;0006;4095;0037;0008;0008;0007;0008;4095;0035;0007;0007;0007;0007;0
21:56:53:724;4095;4095;0044;0010;0010;0010;4095;4095;0041;0006;0006;0006;4095;0037;0008;0009;0008;0008;4095;0035;0006;0007;0006;0006;0
21:56:53:725;4095;4095;0043;0010;0009;0010;4095;4095;0040;0006;0006;0005;4095;0037;0008;0008;0008;0007;4095;0035;0007;0006;0007;0006;0
21:56:53:726;4095;4095;0044;0010;0009;0010;4095;4095;0040;0007;0005;0006;4095;0037;0008;0008;0008;0008;4095;0035;0007;0006;0006;0007;0
21:56:53:727;4095;4095;0044;0010;0009;0010;4095;4095;0040;0006;0005;0006;4095;0037;0008;0008;0008;0008;4095;0035;0007;0006;0006;0007;0
21:56:53:728;4095;4095;0044;0010;0010;0010;4095;4095;0040;0006;0006;0006;4095;0037;0007;0007;0008;0008;4095;0035;0006;0007;0007;0006;0
21:56:53:729;4095;4095;0043;0011;0009;0010;4095;4095;0040;0006;0006;0006;4095;0036;0007;0008;0008;0008;4095;0035;0007;0006;0006;0006;0
21:56:53:730;4095;4095;0043;0010;0009;0010;4095;4095;0040;0006;0006;0006;4095;0037;0008;0008;0007;0008;4095;0035;0006;0006;0007;0006;0
21:56:53:788;4095;4095;0043;0010;0009;0010;4095;4095;0040;0006;0006;0006;4095;0037;0008;0008;0007;0008;4095;0036;0007;0007;0007;0006;0
21:56:53:789;4095;4095;0044;0010;0009;0009;4095;4095;0040;0006;0006;0005;4095;0037;0008;0008;0008;0007;4095;0035;0007;0006;0006;0006;0
21:56:53:790;4095;4095;0044;0010;0010;0009;4095;4095;0041;0006;0006;0006;4095;0037;0008;0008;0008;0008;4095;0035;0007;0006;0007;0007;0
21:56:53:792;4095;4095;0043;0010;0009;0011;4095;4095;0041;0006;0006;0006;4095;0037;0008;0008;0007;0008;4095;0035;0007;0006;0007;0006;0
21:56:53:793;4095;4095;0044;0010;0009;0010;4095;4095;0041;0006;0006;0006;4095;0037;0008;0008;0007;0008;4095;0035;0006;0007;0007;0006;0
21:56:53:794;4095;4095;0044;0010;0009;0010;4095;4095;0040;0006;0006;0005;4095;0036;0008;0008;0008;0008;4095;0035;0007;0007;0006;0007;0
21:56:53:795;4095;4095;0043;0010;0010;0010;4095;4095;0040;0005;0006;0006;4095;0036;0008;0008;0008;0008;4095;0035;0006;0006;0007;0006;0
21:56:53:796;4095;4095;0043;0010;0009;0010;4095;4095;0040;0006;0006;0005;4095;0037;0008;0008;0008;0008;4095;0035;0007;0006;0007;0006;0
21:56:53:797;4095;4095;0043;0010;0010;0010;4095;4095;0040;0006;0006;0006;4095;0037;0008;0008;0008;0008;4095;0035;0007;0006;0006;0007;0
21:56:53:798;4095;4095;0044;0009;0009;0010;4095;4095;0040;0006;0006;0006;4095;0037;0008;0008;0008;0008;4095;0035;0007;0007;0007;0007;0
21:56:53:801;4095;4095;0043;0010;0009;0010;4095;4095;0041;0006;0005;0006;4095;0037;0008;0007;0008;0008;4095;0035;0006;0006;0007;0006;0
21:56:53:802;4095;4095;0044;0010;0009;0010;4095;4095;0040;0006;0006;0006;4095;0037;0008;0008;0008;0008;4095;0035;0007;0007;0006;0007;0
21:56:53:803;4095;4095;0044;0010;0010;0009;4095;4095;0040;0006;0006;0006;4095;0037;0008;0008;0008;0008;4095;0036;0007;0006;0007;0007;0
21:56:53:805;4095;4095;0044;0010;0009;0010;4095;4095;0041;0006;0006;0005;4095;0037;0008;0008;0008;0008;4095;0035;0006;0007;0007;0007;0
21:56:53:806;4095;4095;0044;0010;0009;0010;4095;4095;0040;0006;0006;0006;4095;0037;0008;0008;0008;0008;4095;0035;0007;0006;0006;0007;0
21:56:53:807;4095;4095;0044;0010;0009;0010;4095;4095;0040;0006;0006;0005;4095;0036;0008;0008;0008;0009;4095;0035;0007;0006;0007;0006;0
21:56:53:808;4095;4095;0044;0010;0009;0010;4095;4095;0041;0006;0006;0006;4095;0037;0008;0008;0007;0008;4095;0035;0007;0007;0006;0006;0
21:56:53:810;4095;4095;0043;0010;0009;0010;4095;4095;0040;0006;0005;0005;4095;0036;0008;0008;0008;0008;4095;0035;0006;0007;0006;0007;0
21:56:53:812;4095;4095;0044;0010;0009;0010;4095;4095;0041;0006;0005;0006;4095;0037;0008;0008;0008;0008;4095;0035;0007;0006;0007;0007;0
21:56:53:813;4095;4095;0042;0010;0009;0010;4095;4095;0040;0006;0005;0006;4095;0037;0008;0008;0008;0008;4095;0035;0007;0006;0006;0007;0
21:56:53:814;4095;4095;0043;0010;0010;0010;4095;4095;0040;0006;0006;0006;4095;0037;0008;0008;0007;0008;4095;0036;0006;0007;0007;0006;0
21:56:53:815;4095;4095;0043;0010;0009;0010;4095;4095;0040;0006;0006;0006;4095;0037;0008;0008;0008;0008;4095;0036;0007;0007;0007;0006;0
21:56:53:816;4095;4095;0043;0011;0009;0010;4095;4095;0040;0006;0006;0006;4095;0037;0008;0009;0008;0008;4095;0035;0007;0006;0006;0006;0
21:56:53:817;4095;4095;0044;0010;0009;0011;4095;4095;0041;0007;0006;0006;4095;0037;0008;0008;0008;0008;4095;0036;0007;0006;0006;0006;0
21:56:53:819;4095;4095;0043;0010;0010;0010;4095;4095;0040;0006;0006;0005;4095;0037;0008;0007;0007;0009;4095;0035;0007;0006;0006;0006;0
21:56:53:822;4095;4095;0043;0009;0009;0010;4095;4095;0040;0006;0006;0006;4095;0037;0008;0008;0008;0008;4095;0035;0007;0007;0006;0007;0
21:56:53:823;4095;4095;0043;0010;0009;0010;4095;4095;0040;0006;0005;0006;4095;0037;0008;0008;0008;0008;4095;0035;0007;0007;0007;0007;0
21:56:53:824;4095;4095;0043;0010;0009;0010;4095;4095;0040;0006;0006;0006;4095;0037;0008;0008;0008;0008;4095;0035;0007;0007;0007;0006;0
21:56:53:824;4095;4095;0044;0010;0009;0010;4095;4095;0040;0006;0005;0006;4095;0037;0008;0008;0008;0008;4095;0035;0007;0007;0007;0006;0
21:56:53:826;4095;4095;0043;0010;0009;0010;4095;4095;0040;0006;0006;0006;4095;0037;0008;0008;0008;0008;4095;0036;0007;0006;0006;0007;0
21:56:53:827;4095;4095;0044;0010;0009;0010;4095;4095;0040;0006;0005;0006;4095;0037;0008;0008;0008;0008;4095;0035;0006;0007;0007;0006;0
21:56:53:828;4095;4095;0043;0010;0008;0010;4095;4095;0040;0006;0006;0006;4095;0037;0008;0008;0008;0008;4095;0035;0007;0006;0007;0006;0
21:56:53:894;4095;4095;0043;0010;0010;0011;4095;4095;0040;0006;0005;0006;4095;0037;0008;0008;0008;0008;4095;0035;0007;0006;0006;0006;0
21:56:53:895;4095;4095;0044;0010;0009;0010;4095;4095;0040;0006;0006;0006;4095;0037;0008;0008;0008;0008;4095;0036;0006;0006;0006;0006;0
21:56:53:897;4095;4095;0043;0010;0009;0010;4095;4095;0041;0006;0005;0006;4095;0037;0008;0008;0008;0008;4095;0035;0007;0007;0007;0007;0
21:56:53:898;4095;4095;0043;0010;0009;0010;4095;4095;0040;0006;0006;0006;4095;0037;0009;0007;0008;0008;4095;0036;0006;0006;0007;0005;0
21:56:53:899;4095;4095;0043;0010;0009;0010;4095;4095;0040;0006;0005;0006;4095;0037;0008;0008;0008;0009;4095;0035;0007;0006;0007;0006;0
21:56:53:900;4095;4095;0043;0010;0009;0010;4095;4095;0040;0006;0005;0006;4095;0037;0008;0009;0008;0008;4095;0036;0007;0006;0007;0007;0
21:56:53:901;4095;4095;0043;0010;0009;0010;4095;4095;0040;0007;0006;0005;4095;0037;0008;0008;0008;0008;4095;0035;0007;0007;0007;0007;0
21:56:53:902;4095;4095;0043;0011;0009;0010;4095;4095;0040;0006;0005;0006;4095;0037;0007;0008;0007;0008;4095;0035;0007;0007;0006;0007;0
21:56:53:904;4095;4095;0044;0010;0009;0010;4095;4095;0041;0006;0005;0006;4095;0037;0008;0008;0008;0008;4095;0035;0006;0006;0007;0006;0
21:56:53:906;4095;4095;0043;0010;0009;0010;4095;4095;0040;0005;0006;0005;4095;0037;0008;0009;0007;0008;4095;0035;0006;0007;0007;0006;0
21:56:53:907;4095;4095;0044;0010;0010;0011;4095;4095;0040;0006;0006;0006;4095;0037;0008;0008;0008;0008;4095;0035;0007;0006;0006;0006;0
21:56:53:908;4095;4095;0044;0010;0009;0010;4095;4095;0040;0007;0005;0006;4095;0037;0008;0008;0008;0008;4095;0035;0006;0007;0007;0006;0
21:56:53:909;4095;4095;0043;0010;0010;0010;4095;4095;0041;0006;0006;0006;4095;0037;0008;0008;0008;0008;4095;0036;0006;0006;0006;0006;0
21:56:53:910;4095;4095;0044;0010;0010;0010;4095;4095;0040;0006;0006;0006;4095;0037;0008;0008;0008;0008;4095;0035;0007;0007;0006;0006;0
21:56:53:911;4095;4095;0044;0010;0009;0010;4095;4095;0040;0007;0006;0006;4095;0037;0008;0008;0008;0008;4095;0035;0007;0006;0006;0006;0
21:56:53:912;4095;4095;0044;0010;0010;0010;4095;4095;0040;0006;0005;0006;4095;0037;0008;0008;0008;0008;4095;0035;0007;0007;0006;0007;0
21:56:53:913;4095;4095;0043;0011;0009;0010;4095;4095;0040;0006;0006;0006;4095;0036;0008;0008;0008;0008;4095;0035;0007;0006;0006;0006;0
21:56:53:914;4095;4095;0043;0010;0009;0011;4095;4095;0040;0006;0006;0006;4095;0037;0008;0008;0007;0008;4095;0036;0007;0007;0006;0006;0
21:56:53:916;4095;4095;0043;0009;0009;0009;4095;4095;0040;0005;0005;0005;4095;0037;0008;0008;0008;0008;4095;0035;0007;0006;0007;0006;0
21:56:53:917;4095;4095;0043;0010;0009;0009;4095;4095;0040;0006;0006;0005;4095;0037;0008;0008;0008;0008;4095;0036;0006;0006;0006;0007;0
21:56:53:919;4095;4095;0044;0010;0009;0010;4095;4095;0040;0006;0005;0006;4095;0037;0008;0008;0007;0008;4095;0035;0007;0007;0006;0007;0
21:56:53:921;4095;4095;0044;0010;0009;0010;4095;4095;0040;0006;0006;0006;4095;0037;0008;0008;0008;0009;4095;0035;0007;0006;0006;0006;0
21:56:53:922;4095;4095;0043;0010;0009;0010;4095;4095;0040;0006;0006;0006;4095;0036;0008;0008;0008;0008;4095;0036;0007;0006;0006;0006;0
21:56:53:923;4095;4095;0044;0010;0009;0010;4095;4095;0041;0006;0006;0006;4095;0037;0008;0008;0008;0008;4095;0035;0007;0006;0007;0007;0
21:56:53:924;4095;4095;0043;0010;0009;0010;4095;4095;0040;0006;0006;0006;4095;0037;0008;0008;0008;0008;4095;0035;0007;0006;0007;0006;0
21:56:53:926;4095;4095;0043;0010;0009;0010;4095;4095;0040;0006;0006;0006;4095;0037;0007;0008;0008;0009;4095;0035;0006;0007;0006;0007;0
21:56:53:927;4095;4095;0043;0010;0009;0010;4095;4095;0040;0006;0006;0006;4095;0037;0008;0008;0008;0008;4095;0035;0006;0006;0007;0007;0
21:56:53:928;4095;4095;0043;0010;0009;0010;4095;4095;0040;0006;0006;0006;4095;0037;0008;0009;0008;0009;4095;0036;0007;0007;0006;0007;0
21:56:53:929;4095;4095;0043;0011;0009;0010;4095;4095;0040;0006;0006;0006;4095;0037;0008;0008;0008;0008;4095;0035;0007;0006;0006;0006;0
21:56:53:930;4095;4095;0044;0010;0010;0010;4095;4095;0041;0006;0006;0006;4095;0037;0008;0008;0008;0009;4095;0036;0007;0006;0006;0006;0
21:56:53:932;4095;4095;0043;0010;0009;0010;4095;4095;0040;0006;0006;0006;4095;0037;0008;0008;0008;0008;4095;0036;0007;0006;0007;0006;0
21:56:53:933;4095;4095;0043;0010;0009;0010;4095;4095;0040;0005;0006;0006;4095;0037;0008;0008;0008;0008;4095;0036;0007;0007;0006;0006;0
21:56:53:934;4095;4095;0043;0010;0009;0010;4095;4095;0040;0006;0005;0006;4095;0037;0008;0008;0008;0008;4095;0036;0007;0006;0006;0007;0
21:56:54:0;4095;4095;0043;0010;0009;0010;4095;4095;0040;0006;0006;0006;4095;0037;0008;0008;0008;0008;4095;0035;0006;0007;0006;0007;0
21:56:54:1;4095;4095;0043;0010;0009;0010;4095;4095;0040;0006;0006;0007;4095;0037;0008;0008;0007;0008;4095;0035;0006;0007;0006;0006;0
21:56:54:3;4095;4095;0044;0010;0010;0010;4095;4095;0041;0006;0006;0006;4095;0037;0008;0008;0008;0008;4095;0035;0007;0006;0006;0006;0
21:56:54:4;4095;4095;0043;0010;0010;0009;4095;4095;0040;0006;0006;0006;4095;0037;0007;0008;0008;0008;4095;0035;0007;0006;0006;0007;0
21:56:54:6;4095;4095;0043;0010;0009;0010;4095;4095;0041;0006;0005;0006;4095;0037;0008;0008;0008;0008;4095;0036;0007;0007;0006;0007;0
21:56:54:7;4095;4095;0043;0010;0010;0010;4095;4095;0040;0006;0005;0006;4095;0037;0008;0008;0008;0008;4095;0035;0007;0007;0007;0007;0
21:56:54:8;4095;4095;0043;0010;0009;0010;4095;4095;0040;0006;0006;0006;4095;0037;0007;0008;0007;0008;4095;0036;0007;0007;0006;0007;0
21:56:54:9;4095;4095;0044;0010;0009;0010;4095;4095;0041;0006;0006;0006;4095;0037;0008;0008;0008;0008;4095;0035;0007;0006;0006;0006;0
21:56:54:11;4095;4095;0043;0010;0010;0010;4095;4095;0040;0006;0006;0006;4095;0037;0008;0008;0008;0008;4095;0035;0006;0007;0007;0006;0
21:56:54:13;4095;4095;0043;0010;0010;0009;4095;4095;0040;0006;0006;0005;4095;0037;0008;0008;0008;0008;4095;0035;0007;0007;0007;0006;0
21:56:54:14;4095;4095;0044;0010;0009;0009;4095;4095;0040;0006;0006;0005;4095;0036;0008;0009;0007;0008;4095;0036;0007;0006;0007;0006;0
21:56:54:15;4095;4095;0044;0010;0010;0010;4095;4095;0040;0006;0006;0006;4095;0037;0008;0008;0007;0008;4095;0035;0007;0006;0006;0007;0
21:56:54:17;4095;4095;0043;0011;0009;0010;4095;4095;0040;0006;0006;0006;4095;0037;0008;0008;0008;0008;4095;0035;0007;0007;0006;0006;0
21:56:54:18;4095;4095;0043;0010;0009;0010;4095;4095;0041;0006;0006;0006;4095;0037;0008;0009;0007;0008;4095;0036;0007;0006;0007;0007;0
21:56:54:20;4095;4095;0043;0010;0009;0010;4095;4095;0040;0006;0006;0006;4095;0037;0008;0008;0008;0009;4095;0035;0006;0007;0007;0006;0
21:56:54:21;4095;4095;0043;0010;0009;0010;4095;4095;0040;0006;0006;0006;4095;0037;0008;0008;0008;0008;4095;0035;0007;0007;0006;0006;0
21:56:54:24;4095;4095;0044;0010;0009;0010;4095;4095;0041;0006;0006;0005;4095;0037;0008;0008;0007;0008;4095;0035;0007;0006;0007;0006;0
21:56:54:25;4095;4095;0043;0010;0009;0009;4095;4095;0040;0006;0005;0006;4095;0037;0008;0008;0008;0008;4095;0036;0007;0006;0007;0007;0
21:56:54:26;4095;4095;0043;0010;0009;0010;4095;4095;0040;0006;0006;0005;4095;0036;0008;0008;0007;0008;4095;0035;0007;0006;0006;0006;0
21:56:54:28;4095;4095;0043;0010;0009;0010;4095;4095;0040;0006;0006;0005;4095;0037;0008;0008;0007;0009;4095;0036;0007;0007;0006;0007;0
21:56:54:29;4095;4095;0043;0010;0009;0010;4095;4095;0041;0006;0005;0006;4095;0037;0008;0008;0008;0008;4095;0036;0007;0006;0006;0006;0
21:56:54:30;4095;4095;0043;0010;0009;0010;4095;4095;0040;0007;0006;0006;4095;0037;0008;0008;0008;0008;4095;0035;0007;0007;0006;0007;0
21:56:54:32;4095;4095;0043;0010;0009;0010;4095;4095;0040;0006;0006;0006;4095;0037;0008;0008;0008;0008;4095;0035;0007;0007;0006;0006;0
21:56:54:35;4095;4095;0043;0010;0010;0010;4095;4095;0041;0006;0006;0006;4095;0036;0007;0007;0008;0009;4095;0035;0007;0006;0007;0007;0
21:56:54:36;4095;4095;0044;0010;0009;0010;4095;4095;0040;0006;0006;0006;4095;0037;0008;0008;0008;0009;4095;0035;0007;0006;0007;0007;0
21:56:54:38;4095;4095;0043;0010;0009;0010;4095;4095;0040;0007;0006;0006;4095;0037;0008;0008;0008;0008;4095;0035;0006;0007;0006;0007;0
21:56:54:39;4095;4095;0043;0010;0009;0010;4095;4095;0040;0006;0005;0006;4095;0036;0008;0008;0007;0008;4095;0036;0007;0007;0007;0006;0
21:56:54:40;4095;4095;0044;0010;0009;0009;4095;4095;0040;0006;0006;0006;4095;0037;0008;0008;0008;0008;4095;0035;0007;0007;0007;0006;0
21:56:54:41;4095;4095;0043;0010;0009;0010;4095;4095;0040;0006;0006;0006;4095;0037;0008;0008;0007;0008;4095;0035;0006;0007;0007;0007;0
21:56:54:42;4095;4095;0043;0010;0009;0010;4095;4095;0040;0005;0006;0006;4095;0037;0008;0009;0008;0008;4095;0035;0006;0006;0007;0006;0
21:56:54:44;4095;4095;0043;0010;0010;0010;4095;4095;0040;0006;0006;0006;4095;0037;0008;0008;0007;0008;4095;0035;0007;0006;0007;0006;0
21:56:54:45;4095;4095;0043;0010;0009;0009;4095;4095;0040;0006;0006;0006;4095;0037;0008;0008;0008;0008;4095;0035;0007;0007;0007;0006;0
21:56:54:108;4095;4095;0043;0010;0008;0009;4095;4095;0040;0006;0005;0006;4095;0037;0009;0008;0007;0008;4095;0036;0007;0007;0007;0007;0
21:56:54:109;4095;4095;0043;0010;0009;0010;4095;4095;0040;0006;0006;0006;4095;0037;0008;0008;0008;0008;4095;0035;0006;0006;0007;0006;0
21:56:54:111;4095;4095;0043;0010;0009;0010;4095;4095;0040;0006;0006;0006;4095;0037;0008;0008;0008;0008;4095;0036;0006;0006;0007;0006;0
21:56:54:112;4095;4095;0043;0010;0009;0010;4095;4095;0040;0006;0006;0006;4095;0037;0008;0008;0008;0009;4095;0035;0006;0006;0006;0006;0
21:56:54:113;4095;4095;0043;0011;0010;0009;4095;4095;0041;0006;0006;0005;4095;0037;0008;0008;0008;0008;4095;0035;0007;0007;0007;0006;0
21:56:54:114;4095;4095;0043;0010;0009;0010;4095;4095;0040;0006;0005;0006;4095;0037;0008;0008;0007;0008;4095;0036;0007;0006;0007;0006;0
21:56:54:115;4095;4095;0043;0011;0009;0010;4095;4095;0040;0006;0006;0006;4095;0037;0008;0008;0008;0008;4095;0035;0007;0006;0007;0007;0
21:56:54:116;4095;4095;0044;0010;0009;0010;4095;4095;0040;0006;0006;0006;4095;0036;0008;0008;0007;0008;4095;0035;0007;0007;0007;0006;0
21:56:54:117;4095;4095;0043;0010;0009;0010;4095;4095;0040;0006;0006;0006;4095;0037;0008;0008;0008;0008;4095;0035;0006;0007;0006;0006;0
21:56:54:118;4095;4095;0043;0010;0010;0010;4095;4095;0040;0005;0006;0006;4095;0037;0008;0008;0008;0008;4095;0036;0007;0006;0006;0006;0
21:56:54:120;4095;4095;0044;0010;0009;0010;4095;4095;0040;0006;0005;0006;4095;0037;0008;0008;0008;0008;4095;0035;0006;0007;0006;0006;0
21:56:54:121;4095;4095;0043;0010;0010;0009;4095;4095;0040;0006;0006;0006;4095;0037;0008;0008;0007;0008;4095;0035;0006;0007;0006;0006;0
21:56:54:122;4095;4095;0043;0010;0009;0009;4095;4095;0040;0006;0005;0006;4095;0037;0008;0008;0008;0008;4095;0035;0006;0007;0006;0006;0
21:56:54:123;4095;4095;0044;0010;0009;0010;4095;4095;0040;0006;0006;0006;4095;0037;0008;0008;0008;0009;4095;0036;0007;0006;0007;0007;0
21:56:54:124;4095;4095;0043;0010;0009;0010;4095;4095;0040;0006;0006;0005;4095;0036;0007;0008;0008;0008;4095;0035;0007;0006;0007;0006;0
21:56:54:125;4095;4095;0043;0010;0009;0010;4095;4095;0040;0006;0006;0006;4095;0037;0007;0008;0008;0008;4095;0035;0006;0007;0006;0006;0
21:56:54:126;4095;4095;0044;0010;0009;0010;4095;4095;0040;0006;0006;0006;4095;0037;0007;0008;0008;0009;4095;0035;0007;0006;0007;0007;0
21:56:54:127;4095;4095;0043;0011;0009;0009;4095;4095;0040;0006;0006;0005;4095;0036;0008;0008;0008;0008;4095;0036;0007;0007;0006;0007;0
21:56:54:128;4095;4095;0043;0010;0009;0010;4095;4095;0040;0006;0006;0006;4095;0037;0008;0008;0008;0008;4095;0035;0007;0007;0006;0006;0
21:56:54:131;4095;4095;0043;0009;0010;0010;4095;4095;0040;0006;0006;0006;4095;0036;0008;0008;0007;0008;4095;0035;0007;0007;0007;0006;0
21:56:54:132;4095;4095;0043;0010;0009;0010;4095;4095;0040;0007;0006;0006;4095;0036;0008;0008;0008;0008;4095;0035;0006;0007;0006;0006;0
21:56:54:133;4095;4095;0044;0011;0009;0009;4095;4095;0041;0006;0006;0006;4095;0037;0008;0008;0008;0008;4095;0035;0007;0006;0007;0006;0
21:56:54:134;4095;4095;0042;0010;0009;0010;4095;4095;0041;0006;0006;0006;4095;0037;0008;0009;0008;0009;4095;0035;0006;0006;0007;0007;0
21:56:54:135;4095;4095;0043;0011;0009;0010;4095;4095;0040;0006;0006;0006;4095;0036;0008;0008;0008;0009;4095;0035;0007;0006;0007;0007;0
21:56:54:136;4095;4095;0044;0010;0009;0010;4095;4095;0040;0005;0005;0006;4095;0037;0008;0008;0008;0008;4095;0035;0007;0007;0007;0006;0
21:56:54:137;4095;4095;0043;0010;0009;0010;4095;4095;0040;0006;0006;0006;4095;0037;0008;0008;0008;0008;4095;0035;0007;0007;0006;0006;0
21:56:54:138;4095;4095;0043;0010;0010;0010;4095;4095;0040;0006;0006;0006;4095;0037;0008;0008;0008;0008;4095;0035;0007;0007;0006;0006;0
21:56:54:139;4095;4095;0044;0010;0009;0010;4095;4095;0040;0006;0006;0006;4095;0037;0008;0008;0008;0008;4095;0036;0007;0007;0006;0006;0
21:56:54:142;4095;4095;0043;0010;0009;0010;4095;4095;0040;0006;0006;0006;4095;0037;0008;0008;0008;0008;4095;0035;0007;0007;0006;0006;0
21:56:54:143;4095;4095;0043;0010;0009;0010;4095;4095;0041;0006;0006;0006;4095;0037;0008;0008;0008;0008;4095;0035;0007;0006;0007;0006;0
21:56:54:144;4095;4095;0043;0010;0010;0010;4095;4095;0040;0006;0005;0006;4095;0036;0008;0008;0008;0008;4095;0036;0007;0007;0006;0006;0
21:56:54:145;4095;4095;0043;0010;0009;0009;4095;4095;0040;0006;0006;0006;4095;0036;0008;0009;0007;0008;4095;0035;0007;0006;0007;0006;0
21:56:54:146;4095;4095;0043;0010;0009;0010;4095;4095;0040;0006;0005;0005;4095;0037;0008;0008;0008;0008;4095;0035;0007;0007;0006;0007;0
21:56:54:215;4095;4095;0043;0010;0009;0010;4095;4095;0040;0006;0006;0006;4095;0037;0008;0008;0007;0008;4095;0036;0007;0006;0006;0007;0
21:56:54:217;4095;4095;0044;0010;0009;0010;4095;4095;0041;0006;0006;0006;4095;0037;0008;0008;0008;0008;4095;0035;0007;0006;0007;0006;0
21:56:54:221;4095;4095;0043;0010;0009;0010;4095;4095;0040;0005;0006;0006;4095;0037;0008;0008;0008;0008;4095;0035;0007;0006;0007;0006;0
21:56:54:224;4095;4095;0044;0010;0009;0010;4095;4095;0040;0006;0006;0006;4095;0037;0009;0008;0007;0008;4095;0035;0006;0007;0006;0007;0
21:56:54:227;4095;4095;0043;0010;0010;0010;4095;4095;0040;0005;0006;0006;4095;0037;0008;0008;0008;0008;4095;0035;0007;0007;0007;0007;0
21:56:54:229;4095;4095;0044;0010;0010;0010;4095;4095;0040;0007;0006;0006;4095;0037;0008;0008;0008;0008;4095;0035;0007;0006;0006;0006;0
21:56:54:230;4095;4095;0043;0009;0010;0010;4095;4095;0041;0006;0006;0006;4095;0037;0008;0008;0007;0008;4095;0035;0007;0006;0007;0007;0
21:56:54:231;4095;4095;0043;0011;0009;0010;4095;4095;0040;0006;0006;0006;4095;0037;0008;0009;0008;0008;4095;0035;0007;0006;0006;0006;0
21:56:54:232;4095;4095;0043;0010;0009;0010;4095;4095;0040;0006;0006;0006;4095;0037;0008;0008;0008;0008;4095;0036;0007;0006;0007;0006;0
21:56:54:235;4095;4095;0044;0010;0009;0010;4095;4095;0041;0006;0006;0006;4095;0037;0008;0008;0008;0009;4095;0035;0007;0006;0007;0007;0
21:56:54:237;4095;4095;0043;0010;0009;0009;4095;4095;0040;0005;0006;0006;4095;0037;0008;0009;0008;0008;4095;0035;0007;0006;0006;0006;0
21:56:54:239;4095;4095;0044;0010;0010;0010;4095;4095;0040;0006;0006;0006;4095;0037;0008;0008;0007;0009;4095;0035;0007;0006;0007;0007;0
21:56:54:241;4095;4095;0043;0010;0009;0010;4095;4095;0041;0006;0006;0006;4095;0036;0008;0008;0007;0008;4095;0036;0007;0007;0006;0006;0
21:56:54:242;4095;4095;0043;0010;0009;0010;4095;4095;0041;0005;0006;0006;4095;0037;0008;0008;0008;0008;4095;0035;0007;0006;0006;0006;0
21:56:54:243;4095;4095;0043;0011;0010;0010;4095;4095;0040;0006;0006;0006;4095;0037;0008;0009;0007;0008;4095;0035;0006;0006;0007;0007;0
21:56:54:245;4095;4095;0043;0010;0009;0010;4095;4095;0040;0006;0006;0006;4095;0037;0008;0008;0008;0008;4095;0035;0006;0006;0007;0007;0
21:56:54:247;4095;4095;0044;0009;0009;0010;4095;4095;0040;0006;0006;0006;4095;0037;0008;0008;0008;0008;4095;0036;0006;0007;0006;0006;0
21:56:54:248;4095;4095;0043;0010;0010;0010;4095;4095;0040;0006;0006;0006;4095;0037;0008;0008;0008;0008;4095;0036;0007;0007;0006;0006;0
21:56:54:250;4095;4095;0043;0010;0009;0010;4095;4095;0040;0006;0006;0006;4095;0037;0008;0008;0008;0009;4095;0035;0007;0006;0006;0006;0
21:56:54:251;4095;4095;0044;0010;0010;0010;4095;4095;0040;0006;0006;0006;4095;0037;0008;0008;0008;0008;4095;0035;0006;0006;0007;0007;0
21:56:54:252;4095;4095;0043;0010;0009;0010;4095;4095;0040;0006;0006;0006;4095;0037;0008;0007;0007;0008;4095;0035;0007;0006;0007;0006;0
21:56:54:253;4095;4095;0044;0009;0009;0010;4095;4095;0040;0006;0006;0006;4095;0037;0008;0008;0008;0008;4095;0035;0007;0006;0007;0007;0
21:56:54:254;4095;4095;0044;0010;0009;0010;4095;4095;0040;0006;0006;0006;4095;0037;0008;0008;0007;0009;4095;0035;0007;0007;0007;0007;0
21:56:54:255;4095;4095;0044;0010;0009;0010;4095;4095;0041;0006;0006;0006;4095;0037;0008;0008;0008;0008;4095;0035;0006;0006;0007;0007;0
21:56:54:256;4095;4095;0043;0010;0009;0010;4095;4095;0040;0006;0006;0006;4095;0037;0008;0008;0008;0008;4095;0035;0007;0006;0007;0007;0
21:56:54:257;4095;4095;0044;0010;0009;0010;4095;4095;0040;0006;0006;0006;4095;0037;0008;0008;0008;0008;4095;0036;0007;0007;0007;0006;0
21:56:54:258;4095;4095;0043;0010;0009;0010;4095;4095;0040;0006;0006;0006;4095;0037;0008;0008;0007;0008;4095;0036;0007;0007;0006;0006;0
21:56:54:260;4095;4095;0043;0010;0009;0010;4095;4095;0040;0006;0006;0006;4095;0037;0008;0008;0008;0007;4095;0036;0006;0006;0006;0006;0
21:56:54:263;4095;4095;0043;0010;0009;0010;4095;4095;0041;0006;0006;0007;4095;0037;0009;0008;0007;0008;4095;0035;0007;0007;0007;0007;0
21:56:54:264;4095;4095;0043;0010;0009;0010;4095;4095;0040;0006;0006;0006;4095;0037;0008;0008;0007;0008;4095;0035;0006;0006;0006;0006;0
21:56:54:265;4095;4095;0044;0010;0009;0010;4095;4095;0040;0006;0006;0006;4095;0037;0008;0008;0007;0008;4095;0036;0007;0007;0007;0007;0
21:56:54:266;4095;4095;0043;0010;0009;0010;4095;4095;0040;0006;0006;0006;4095;0037;0007;0008;0008;0008;4095;0035;0006;0006;0007;0007;0
21:56:54:322;4095;4095;0043;0011;0009;0010;4095;4095;0040;0006;0005;0006;4095;0037;0008;0008;0008;0008;4095;0035;0006;0006;0006;0006;0
21:56:54:323;4095;4095;0044;0010;0009;0009;4095;4095;0040;0006;0006;0005;4095;0037;0008;0008;0007;0008;4095;0035;0007;0007;0006;0007;0
21:56:54:324;4095;4095;0043;0010;0009;0010;4095;4095;0041;0006;0005;0006;4095;0037;0008;0008;0008;0008;4095;0035;0006;0006;0007;0007;0
21:56:54:325;4095;4095;0044;0010;0009;0010;4095;4095;0041;0006;0006;0006;4095;0036;0008;0008;0007;0008;4095;0036;0007;0006;0006;0006;0
21:56:54:327;4095;4095;0043;3774;3774;3774;4095;4095;0040;3774;3774;3774;4095;0036;0008;4095;4095;4095;4095;0035;0007;3775;3775;3774;0
21:56:54:328;4095;4095;0044;0010;0009;0010;4095;4095;0040;0006;0006;0006;4095;0036;0008;0008;0008;0008;4095;0036;0006;0007;0006;0006;0
21:56:54:329;4095;4095;0043;0010;0009;0010;4095;4095;0040;0006;0006;0005;4095;0037;0008;0008;0008;0008;4095;0036;0007;0007;0007;0007;0
21:56:54:330;4095;4095;0044;0010;0009;0010;4095;4095;0040;0006;0006;0005;4095;0036;0008;0008;0008;0008;4095;0035;0007;0006;0007;0006;0
21:56:54:331;4095;4095;0044;0010;0010;0009;4095;4095;0040;0006;0006;0006;4095;0037;0008;0008;0008;0008;4095;0035;0007;0006;0007;0007;0
21:56:54:332;4095;4095;0044;0011;0009;0010;4095;4095;0040;0006;0005;0006;4095;0037;0008;0008;0008;0008;4095;0035;0007;0007;0007;0006;0
21:56:54:334;4095;4095;0044;0010;0009;0010;4095;4095;0040;0006;0006;0006;4095;0037;0008;0008;0008;0008;4095;0035;0007;0007;0007;0006;0
21:56:54:335;4095;4095;0043;0010;0010;0010;4095;4095;0040;0006;0006;0006;4095;0037;0008;0008;0007;0008;4095;0035;0006;0007;0007;0007;0
21:56:54:336;4095;4095;0043;0009;0009;0010;4095;4095;0040;0006;0006;0006;4095;0037;0008;0008;0008;0008;4095;0036;0007;0006;0007;0006;0
21:56:54:338;4095;4095;0044;0010;0009;0010;4095;4095;0040;0006;0006;0006;4095;0037;0008;0008;0008;0009;4095;0035;0007;0007;0006;0006;0
21:56:54:339;4095;4095;0043;0010;0009;0010;4095;4095;0040;0005;0006;0006;4095;0037;0008;0008;0008;0008;4095;0035;0007;0006;0006;0006;0
21:56:54:340;4095;4095;0043;0010;0010;0010;4095;4095;0040;0006;0005;0006;4095;0036;0008;0008;0008;0008;4095;0035;0007;0007;0007;0006;0
21:56:54:341;4095;4095;0044;0010;0008;0010;4095;4095;0040;0006;0006;0006;4095;0037;0008;0008;0008;0007;4095;0035;0007;0006;0006;0006;0
21:56:54:342;4095;4095;0044;0010;0009;0010;4095;4095;0040;0006;0006;0006;4095;0037;0008;0008;0008;0008;4095;0036;0007;0006;0007;0007;0
21:56:54:345;4095;4095;0043;0010;0010;0010;4095;4095;0040;0006;0006;0006;4095;0037;0008;0008;0008;0007;4095;0035;0007;0006;0006;0006;0
21:56:54:346;4095;4095;0043;0010;0009;0010;4095;4095;0040;0006;0006;0006;4095;0037;0008;0008;0008;0008;4095;0035;0006;0007;0007;0007;0
21:56:54:347;4095;4095;0043;0010;0009;0010;4095;4095;0041;0006;0005;0006;4095;0037;0008;0008;0007;0008;4095;0035;0007;0007;0006;0007;0
21:56:54:348;4095;4095;0043;0010;0010;0010;4095;4095;0040;0006;0005;0006;4095;0036;0008;0008;0008;0009;4095;0035;0007;0007;0006;0006;0
21:56:54:349;4095;4095;0044;0010;0010;0010;4095;4095;0040;0006;0006;0006;4095;0037;0009;0008;0008;0009;4095;0035;0007;0006;0006;0006;0
21:56:54:350;4095;4095;0044;0010;0009;0010;4095;4095;0041;0006;0006;0005;4095;0037;0008;0008;0007;0008;4095;0035;0007;0007;0006;0006;0
21:56:54:351;4095;4095;0044;0010;0010;0010;4095;4095;0040;0006;0006;0005;4095;0037;0008;0007;0008;0009;4095;0035;0007;0007;0006;0007;0
21:56:54:352;4095;4095;0043;0010;0009;0010;4095;4095;0040;0006;0005;0006;4095;0037;0008;0008;0008;0008;4095;0035;0007;0007;0007;0007;0
21:56:54:356;4095;4095;0043;0010;0010;0009;4095;4095;0040;0006;0006;0005;4095;0036;0008;0008;0008;0008;4095;0035;0007;0007;0007;0007;0
21:56:54:357;4095;4095;0044;0010;0009;0010;4095;4095;0041;0006;0006;0006;4095;0037;0008;0008;0008;0008;4095;0036;0007;0007;0006;0006;0
21:56:54:358;4095;4095;0043;0010;0009;0010;4095;4095;0040;0006;0006;0006;4095;0037;0008;0008;0008;0008;4095;0035;0007;0007;0006;0006;0
21:56:54:360;4095;4095;0043;0010;0010;0010;4095;4095;0040;0006;0006;0006;4095;0037;0008;0008;0007;0007;4095;0035;0007;0008;0006;0006;0
21:56:54:361;4095;4095;0043;0010;0009;0010;4095;4095;0040;0006;0006;0006;4095;0037;0008;0008;0008;0008;4095;0035;0006;0006;0007;0006;0
21:56:54:362;4095;4095;0044;0010;0009;0010;4095;4095;0040;0006;0005;0006;4095;0037;0007;0008;0008;0008;4095;0035;0007;0006;0006;0006;0
21:56:54:363;4095;4095;0044;0011;0009;0009;4095;4095;0040;0006;0006;0006;4095;0037;0008;0008;0008;0009;4095;0035;0007;0006;0006;0006;0
21:56:54:428;4095;4095;0044;0010;0009;0009;4095;4095;0040;0006;0006;0006;4095;0037;0008;0008;0007;0008;4095;0035;0007;0006;0006;0006;0
21:56:54:429;4095;4095;0043;0010;0009;0010;4095;4095;0041;0006;0006;0006;4095;0037;0008;0008;0007;0008;4095;0036;0007;0007;0006;0007;0
21:56:54:431;4095;4095;0044;0010;0010;0010;4095;4095;0040;0006;0006;0005;4095;0037;0008;0008;0008;0008;4095;0036;0007;0007;0007;0006;0
21:56:54:432;4095;4095;0043;0010;0009;0010;4095;4095;0040;0006;0006;0006;4095;0037;0008;0008;0008;0008;4095;0035;0006;0006;0006;0006;0
21:56:54:433;4095;4095;0043;0010;0008;0010;4095;4095;0041;0006;0005;0006;4095;0037;0008;0008;0008;0008;4095;0035;0007;0006;0006;0007;0
21:56:54:435;4095;4095;0044;0010;0009;0010;4095;4095;0041;0006;0006;0005;4095;0037;0008;0008;0008;0008;4095;0035;0007;0007;0006;0007;0
21:56:54:436;4095;4095;0043;0010;0010;0009;4095;4095;0040;0006;0005;0006;4095;0037;0008;0008;0007;0008;4095;0035;0006;0006;0007;0006;0
21:56:54:437;4095;4095;0043;0010;0010;0010;4095;4095;0041;0006;0006;0006;4095;0036;0008;0008;0008;0008;4095;0036;0006;0007;0006;0007;0
21:56:54:439;4095;4095;0043;0010;0010;0009;4095;4095;0040;0007;0006;0006;4095;0037;0008;0008;0008;0008;4095;0035;0007;0006;0007;0006;0
21:56:54:441;4095;4095;0043;0010;0009;0009;4095;4095;0040;0006;0006;0005;4095;0037;0008;0008;0007;0008;4095;0035;0006;0006;0007;0006;0
21:56:54:442;4095;4095;0042;0010;0010;0010;4095;4095;0040;0006;0006;0006;4095;0037;0007;0008;0007;0008;4095;0035;0007;0006;0007;0007;0
21:56:54:443;4095;4095;0044;0010;0009;0010;4095;4095;0040;0006;0006;0006;4095;0037;0008;0008;0008;0008;4095;0035;0006;0007;0007;0007;0
21:56:54:445;4095;4095;0043;0010;0010;0010;4095;4095;0041;0006;0006;0006;4095;0037;0008;0008;0007;0008;4095;0035;0007;0006;0007;0007;0
21:56:54:446;4095;4095;0044;0010;0009;0010;4095;4095;0040;0006;0006;0006;4095;0037;0008;0008;0008;0008;4095;0036;0007;0006;0007;0006;0
21:56:54:447;4095;4095;0044;0010;0010;0011;4095;4095;0040;0006;0005;0006;4095;0037;0008;0008;0007;0008;4095;0036;0007;0006;0007;0006;0
21:56:54:448;4095;4095;0044;0010;0009;0010;4095;4095;0040;0006;0006;0006;4095;0037;0008;0008;0008;0008;4095;0036;0007;0007;0007;0006;0
21:56:54:450;4095;4095;0043;0010;0009;0010;4095;4095;0040;0006;0006;0006;4095;0037;0009;0008;0008;0007;4095;0036;0007;0006;0007;0007;0
21:56:54:451;4095;4095;0044;0010;0009;0009;4095;4095;0040;0006;0006;0006;4095;0037;0008;0008;0008;0008;4095;0036;0006;0006;0006;0006;0
21:56:54:453;4095;4095;0043;0010;0009;0010;4095;4095;0041;0006;0006;0006;4095;0037;0008;0008;0008;0008;4095;0036;0007;0006;0007;0006;0
21:56:54:456;4095;4095;0043;0010;0009;0010;4095;4095;0040;0006;0005;0006;4095;0037;0008;0008;0007;0008;4095;0035;0007;0006;0007;0006;0
21:56:54:458;4095;4095;0044;0010;0009;0010;4095;4095;0040;0006;0006;0006;4095;0037;0008;0008;0007;0008;4095;0036;0006;0006;0007;0006;0
21:56:54:460;4095;4095;0044;0010;0010;0010;4095;4095;0040;0006;0006;0006;4095;0036;0008;0008;0007;0008;4095;0036;0007;0006;0007;0006;0
21:56:54:462;4095;4095;0043;0010;0009;0010;4095;4095;0041;0006;0006;0006;4095;0037;0008;0008;0008;0008;4095;0035;0007;0007;0006;0006;0
21:56:54:463;4095;4095;0043;0010;0009;0010;4095;4095;0040;0007;0005;0006;4095;0037;0008;0008;0008;0008;4095;0035;0007;0006;0006;0006;0
21:56:54:465;4095;4095;0043;0010;0009;0011;4095;4095;0040;0006;0006;0006;4095;0037;0008;0008;0007;0008;4095;0035;0006;0007;0006;0007;0
21:56:54:466;4095;4095;0043;0010;0009;0010;4095;4095;0040;0006;0006;0006;4095;0037;0008;0008;0008;0008;4095;0036;0007;0006;0006;0006;0
21:56:54:467;4095;4095;0044;0010;0009;0010;4095;4095;0040;0006;0005;0006;4095;0037;0008;0008;0008;0008;4095;0035;0007;0006;0007;0006;0
21:56:54:468;4095;4095;0043;0010;0010;0010;4095;4095;0040;0006;0005;0006;4095;0037;0008;0008;0007;0008;4095;0035;0007;0007;0006;0006;0
21:56:54:471;4095;4095;0043;0010;0009;0010;4095;4095;0040;0006;0005;0006;4095;0036;0008;0008;0008;0008;4095;0036;0007;0006;0006;0006;0
21:56:54:472;4095;4095;0044;0010;0009;0010;4095;4095;0040;0006;0005;0006;4095;0037;0008;0008;0008;0008;4095;0035;0007;0007;0006;0007;0
21:56:54:473;4095;4095;0043;0010;0009;0010;4095;4095;0040;0006;0006;0006;4095;0037;0008;0008;0008;0008;4095;0035;0006;0006;0006;0006;0
21:56:54:474;4095;4095;0043;0010;0009;0010;4095;4095;0040;0006;0005;0006;4095;0037;0008;0008;0008;0008;4095;0035;0007;0007;0006;0006;0
21:56:54:536;4095;4095;0044;0010;0009;0010;4095;4095;0040;0005;0006;0005;4095;0037;0008;0008;0007;0008;4095;0036;0007;0006;0007;0006;0
21:56:54:537;4095;4095;0043;0010;0009;0010;4095;4095;0040;0006;0005;0005;4095;0037;0007;0008;0008;0008;4095;0035;0007;0007;0007;0006;0
21:56:54:539;4095;4095;0043;0010;0009;0010;4095;4095;0040;0005;0006;0006;4095;0037;0008;0008;0008;0008;4095;0035;0007;0006;0007;0006;0
21:56:54:541;4095;4095;0043;0010;0009;0010;4095;4095;0040;0006;0006;0006;4095;0037;0008;0008;0008;0007;4095;0035;0007;0006;0007;0006;0
21:56:54:542;4095;4095;0044;0010;0009;0010;4095;4095;0040;0006;0006;0005;4095;0037;0008;0007;0008;0008;4095;0036;0006;0006;0006;0006;0
21:56:54:543;4095;4095;0043;0010;0009;0010;4095;4095;0040;0006;0006;0006;4095;0037;0008;0008;0008;0008;4095;0035;0006;0006;0007;0007;0
21:56:54:545;4095;4095;0043;0010;0010;0010;4095;4095;0040;0006;0006;0006;4095;0037;0008;0008;0007;0008;4095;0035;0006;0007;0007;0006;0
21:56:54:546;4095;4095;0044;0011;0009;0010;4095;4095;0040;0006;0006;0006;4095;0037;0008;0008;0008;0008;4095;0035;0006;0007;0007;0006;0
21:56:54:548;4095;4095;0044;0010;0010;0010;4095;4095;0040;0006;0006;0006;4095;0037;0008;0008;0007;0008;4095;0035;0006;0007;0007;0007;0
21:56:54:549;4095;4095;0043;0010;0009;0010;4095;4095;0041;0006;0006;0006;4095;0036;0008;0007;0007;0008;4095;0035;0006;0006;0007;0006;0
21:56:54:551;4095;4095;0043;0010;0009;0011;4095;4095;0040;0006;0006;0006;4095;0037;0008;0008;0007;0008;4095;0035;0007;0007;0006;0006;0
21:56:54:552;4095;4095;0043;0010;0009;0010;4095;4095;0040;0006;0005;0006;4095;0037;0008;0008;0008;0008;4095;0035;0007;0006;0007;0007;0
21:56:54:554;4095;4095;0043;0010;0009;0010;4095;4095;0040;0007;0005;0006;4095;0036;0008;0008;0008;0008;4095;0035;0007;0007;0006;0006;0
21:56:54:556;4095;4095;0043;0010;0010;0010;4095;4095;0040;0006;0006;0006;4095;0037;0008;0007;0008;0008;4095;0035;0007;0006;0006;0006;0
21:56:54:559;4095;4095;0043;0010;0009;0009;4095;4095;0041;0006;0006;0006;4095;0037;0008;0008;0008;0008;4095;0036;0007;0006;0007;0006;0
21:56:54:560;4095;4095;0044;0010;0009;0011;4095;4095;0041;0006;0006;0006;4095;0037;0008;0008;0008;0009;4095;0035;0007;0006;0007;0006;0
21:56:54:562;4095;4095;0043;0010;0009;0010;4095;4095;0040;0006;0006;0006;4095;0036;0008;0008;0008;0008;4095;0035;0007;0006;0007;0006;0
21:56:54:563;4095;4095;0043;0010;0010;0011;4095;4095;0041;0006;0005;0006;4095;0036;0007;0008;0008;0008;4095;0035;0007;0007;0006;0007;0
21:56:54:564;4095;4095;0043;0010;0009;0010;4095;4095;0040;0005;0006;0006;4095;0037;0008;0008;0007;0008;4095;0036;0006;0006;0006;0006;0
21:56:54:565;4095;4095;0044;0010;0009;0010;4095;4095;0040;0006;0006;0006;4095;0037;0008;0008;0007;0007;4095;0035;0006;0006;0006;0006;0
21:56:54:567;4095;4095;0043;0010;0009;0009;4095;4095;0040;0006;0006;0006;4095;0037;0008;0008;0008;0008;4095;0035;0007;0006;0007;0006;0
21:56:54:570;4095;4095;0043;0010;0009;0010;4095;4095;0041;0005;0006;0006;4095;0036;0009;0008;0008;0008;4095;0035;0007;0007;0006;0006;0
21:56:54:572;4095;4095;0043;0010;0009;0009;4095;4095;0040;0006;0006;0006;4095;0036;0008;0008;0008;0008;4095;0035;0007;0007;0006;0007;0
21:56:54:573;4095;4095;0043;0010;0009;0010;4095;4095;0040;0006;0005;0006;4095;0037;0008;0008;0008;0008;4095;0035;0007;0006;0007;0007;0
21:56:54:574;4095;4095;0044;0010;0009;0010;4095;4095;0040;0006;0006;0006;4095;0037;0008;0008;0007;0008;4095;0036;0007;0006;0007;0007;0
21:56:54:575;4095;4095;0044;0010;0010;0010;4095;4095;0040;0006;0005;0006;4095;0036;0008;0008;0008;0008;4095;0035;0007;0006;0006;0006;0
21:56:54:577;4095;4095;0044;0010;0009;0010;4095;4095;0041;0006;0006;0006;4095;0037;0008;0008;0008;0008;4095;0035;0007;0006;0006;0006;0
21:56:54:581;4095;4095;0043;0011;0009;0010;4095;4095;0040;0006;0006;0006;4095;0037;0008;0008;0008;0008;4095;0035;0007;0006;0007;0007;0
21:56:54:583;4095;4095;0044;0010;0010;0009;4095;4095;0040;0006;0006;0006;4095;0036;0008;0008;0008;0008;4095;0035;0006;0006;0006;0007;0
21:56:54:584;4095;4095;0044;0010;0010;0010;4095;4095;0040;0006;0006;0006;4095;0037;0008;0008;0007;0008;4095;0035;0007;0006;0007;0007;0
21:56:54:587;4095;4095;0043;0010;0009;0010;4095;4095;0040;0007;0005;0006;4095;0037;0008;0008;0008;0008;4095;0035;0007;0007;0006;0006;0
21:56:54:588;4095;4095;0043;0010;0009;0009;4095;4095;0040;0006;0006;0006;4095;0036;0008;0008;0008;0008;4095;0036;0007;0007;0006;0006;0
21:56:54:590;4095;4095;0043;0010;0009;0010;4095;4095;0040;0006;0006;0006;4095;0037;0008;0008;0008;0008;4095;0035;0007;0007;0007;0006;0
21:56:54:642;4095;4095;0044;0009;0009;0010;4095;4095;0041;0006;0005;0006;4095;0037;0008;0008;0007;0007;4095;0035;0007;0006;0006;0006;0
21:56:54:643;4095;4095;0043;0009;0010;0010;4095;4095;0041;0005;0006;0006;4095;0037;0008;0008;0008;0008;4095;0035;0007;0007;0007;0006;0
21:56:54:644;4095;4095;0043;0010;0009;0010;4095;4095;0040;0006;0006;0006;4095;0037;0009;0008;0008;0008;4095;0035;0007;0006;0007;0006;0
21:56:54:645;4095;4095;0040;0010;0009;0010;4095;4095;0037;0006;0006;0006;4095;0037;0007;0009;0007;0008;4095;0035;0007;0006;0006;0006;0
21:56:54:646;4095;4095;0043;0010;0009;0010;4095;4095;0040;0006;0005;0006;4095;0037;0009;0008;0008;0008;4095;0035;0007;0007;0007;0006;0
21:56:54:647;4095;4095;0043;0010;0010;0010;4095;4095;0040;0006;0005;0005;4095;0037;0008;0008;0008;0009;4095;0035;0007;0006;0006;0006;0
21:56:54:648;4095;4095;0043;0010;0009;0010;4095;4095;0040;0006;0005;0006;4095;0037;0008;0008;0008;0008;4095;0035;0007;0006;0007;0006;0
21:56:54:649;4095;4095;0044;0010;0009;0010;4095;4095;0040;0006;0006;0005;4095;0037;0008;0008;0007;0008;4095;0035;0006;0007;0007;0006;0
21:56:54:650;4095;4095;0044;0010;0009;0010;4095;4095;0040;0006;0005;0006;4095;0037;0008;0008;0008;0008;4095;0035;0007;0007;0007;0006;0
21:56:54:651;4095;4095;0043;0010;0009;0010;4095;4095;0040;0006;0005;0006;4095;0036;0008;0008;0008;0008;4095;0035;0007;0006;0006;0006;0
21:56:54:653;4095;4095;0040;0010;0009;0010;4095;4095;0038;0006;0006;0006;4095;0037;0008;0008;0008;0008;4095;0035;0006;0007;0007;0006;0
21:56:54:654;4095;4095;0044;0010;0009;0010;4095;4095;0040;0006;0006;0006;4095;0037;0008;0008;0008;0008;4095;0035;0007;0007;0006;0006;0
21:56:54:656;4095;4095;0043;0010;0009;0010;4095;4095;0040;0006;0006;0006;4095;0037;0008;0008;0008;0009;4095;0036;0006;0006;0006;0006;0
21:56:54:657;4095;4095;0044;0010;0009;0010;4095;4095;0040;0006;0006;0006;4095;0037;0008;0008;0008;0008;4095;0036;0007;0007;0006;0006;0
21:56:54:658;4095;4095;0043;0010;0010;0010;4095;4095;0040;0005;0006;0006;4095;0037;0008;0008;0008;0009;4095;0035;0007;0007;0006;0007;0
21:56:54:659;4095;4095;0043;0010;0009;0010;4095;4095;0040;0006;0006;0006;4095;0037;0009;0008;0008;0008;4095;0035;0007;0007;0006;0006;0
21:56:54:660;4095;4095;0044;0010;0009;0010;4095;4095;0041;0006;0005;0006;4095;0037;0008;0008;0008;0008;4095;0035;0007;0006;0006;0006;0
21:56:54:660;4095;4095;0039;0011;0009;0010;4095;4095;0036;0006;0005;0006;4095;0037;0007;0008;0008;0008;4095;0035;0006;0006;0006;0006;0
21:56:54:663;4095;4095;0043;0010;0009;0010;4095;4095;0040;0006;0006;0006;4095;0037;0008;0008;0007;0008;4095;0036;0007;0006;0006;0006;0
21:56:54:664;4095;4095;0043;0010;0009;0010;4095;4095;0040;0006;0006;0006;4095;0037;0008;0008;0007;0008;4095;0035;0007;0007;0007;0006;0
21:56:54:665;4095;4095;0043;0010;0010;0010;4095;4095;0040;0006;0006;0006;4095;0037;0008;0008;0007;0008;4095;0035;0007;0007;0006;0006;0
21:56:54:666;4095;4095;0043;0010;0009;0010;4095;4095;0040;0006;0006;0006;4095;0037;0008;0008;0008;0008;4095;0035;0007;0006;0006;0006;0
21:56:54:667;4095;4095;0043;0010;0009;0010;4095;4095;0040;0006;0006;0006;4095;0037;0008;0007;0008;0008;4095;0035;0007;0007;0006;0006;0
21:56:54:668;4095;4095;0044;0010;0009;0010;4095;4095;0040;0006;0006;0006;4095;0037;0008;0008;0007;0008;4095;0035;0007;0007;0006;0007;0
21:56:54:669;4095;4095;0040;0010;0009;0010;4095;4095;0037;0006;0005;0006;4095;0037;0008;0007;0007;0008;4095;0036;0006;0006;0006;0006;0
21:56:54:671;4095;4095;0044;0010;0009;0010;4095;4095;0040;0006;0005;0006;4095;0037;0008;0008;0008;0008;4095;0035;0007;0007;0006;0007;0
21:56:54:673;4095;4095;0043;0010;0009;0010;4095;4095;0041;0006;0005;0006;4095;0037;0008;0008;0008;0008;4095;0035;0007;0006;0006;0006;0
21:56:54:674;4095;4095;0043;0010;0009;0010;4095;4095;0040;0006;0006;0006;4095;0037;0008;0008;0007;0008;4095;0035;0007;0007;0006;0007;0
21:56:54:675;4095;4095;0044;0010;0009;0010;4095;4095;0040;0006;0006;0006;4095;0037;0008;0008;0007;0008;4095;0035;0006;0006;0006;0006;0
21:56:54:676;4095;4095;0043;0010;0009;0010;4095;4095;0040;0006;0006;0006;4095;0037;0008;0007;0008;0008;4095;0035;0006;0006;0007;0006;0
21:56:54:677;4095;4095;0043;0010;0010;0010;4095;4095;0040;0006;0006;0006;4095;0037;0008;0009;0008;0009;4095;0035;0006;0006;0007;0006;0
21:56:54:678;4095;4095;0039;0010;0009;0010;4095;4095;0036;0006;0006;0006;4095;0037;0007;0008;0008;0008;4095;0035;0006;0006;0007;0007;0
21:56:54:749;4095;4095;0043;0011;0010;0010;4095;4095;0040;0006;0006;0006;4095;0037;0008;0008;0008;0009;4095;0035;0007;0006;0007;0007;0
21:56:54:750;4095;4095;0044;0010;0009;0010;4095;4095;0041;0006;0006;0006;4095;0037;0008;0008;0007;0008;4095;0036;0007;0006;0006;0006;0
21:56:54:751;4095;4095;0044;0010;0009;0010;4095;4095;0040;0006;0006;0006;4095;0037;0008;0008;0008;0008;4095;0035;0007;0007;0006;0006;0
21:56:54:752;4095;4095;0043;0010;0010;0009;4095;4095;0040;0006;0006;0006;4095;0037;0008;0008;0008;0008;4095;0036;0006;0007;0007;0006;0
21:56:54:754;4095;4095;0043;0010;0009;0010;4095;4095;0040;0006;0005;0006;4095;0037;0008;0008;0007;0008;4095;0035;0006;0006;0006;0006;0
21:56:54:755;4095;4095;0043;0010;0010;0010;4095;4095;0040;0006;0006;0005;4095;0036;0008;0008;0008;0008;4095;0035;0007;0007;0007;0006;0
21:56:54:756;4095;4095;0044;0010;0009;0010;4095;4095;0040;0006;0006;0006;4095;0033;0008;0008;0007;0008;4095;0032;0006;0006;0007;0006;0
21:56:54:757;4095;4095;0044;0010;0010;0010;4095;4095;0040;0006;0006;0006;4095;0037;0008;0008;0008;0008;4095;0036;0007;0006;0007;0006;0
21:56:54:758;4095;4095;0043;0010;0009;0010;4095;4095;0040;0006;0006;0006;4095;0037;0008;0008;0008;0008;4095;0035;0007;0007;0006;0007;0
21:56:54:759;4095;4095;0043;0010;0009;0010;4095;4095;0040;0006;0006;0005;4095;0037;0008;0008;0008;0008;4095;0035;0007;0006;0006;0007;0
21:56:54:762;4095;4095;0043;0010;0009;0010;4095;4095;0040;0005;0006;0005;4095;0037;0008;0008;0007;0008;4095;0035;0006;0006;0006;0007;0
21:56:54:763;4095;4095;0043;0010;0010;0009;4095;4095;0040;0006;0006;0006;4095;0036;0008;0008;0008;0008;4095;0035;0007;0007;0006;0006;0
21:56:54:764;4095;4095;0043;0010;0010;0010;4095;4095;0041;0006;0006;0006;4095;0037;0008;0007;0007;0008;4095;0036;0007;0006;0006;0007;0
21:56:54:765;4095;4095;0044;0010;0009;0010;4095;4095;0040;0006;0005;0006;4095;0037;0008;0008;0007;0009;4095;0035;0006;0006;0006;0007;0
21:56:54:766;4095;4095;0044;0009;0010;0010;4095;4095;0040;0006;0006;0006;4095;0037;0008;0009;0007;0008;4095;0035;0007;0006;0007;0007;0
21:56:54:767;4095;4095;0044;0010;0009;0010;4095;4095;0041;0006;0006;0006;4095;0037;0008;0008;0008;0008;4095;0035;0006;0006;0006;0006;0
21:56:54:768;4095;4095;0043;0010;0009;0010;4095;4095;0040;0006;0006;0006;4095;0037;0008;0008;0008;0009;4095;0035;0007;0006;0007;0006;0
21:56:54:769;4095;4095;0043;0010;0009;0010;4095;4095;0040;0006;0006;0006;4095;0037;0008;0008;0008;0009;4095;0035;0007;0007;0007;0006;0
21:56:54:771;4095;4095;0044;0010;0009;0010;4095;4095;0040;0006;0006;0006;4095;0037;0008;0008;0008;0008;4095;0036;0007;0006;0007;0007;0
21:56:54:772;4095;4095;0044;0010;0009;0011;4095;4095;0041;0006;0005;0006;4095;0036;0008;0008;0007;0009;4095;0035;0007;0007;0006;0006;0
21:56:54:773;4095;4095;0044;0010;0009;0010;4095;4095;0040;0006;0006;0006;4095;0037;0008;0008;0008;0008;4095;0035;0007;0007;0007;0006;0
21:56:54:774;4095;4095;0043;0010;0009;0010;4095;4095;0041;0005;0006;0006;4095;0036;0008;0008;0008;0008;4095;0035;0007;0007;0006;0006;0
21:56:54:775;4095;4095;0043;0010;0009;0010;4095;4095;0041;0006;0006;0005;4095;0037;0008;0008;0008;0008;4095;0035;0007;0007;0007;0007;0
21:56:54:776;4095;4095;0043;0010;0009;0010;4095;4095;0040;0006;0006;0006;4095;0037;0009;0008;0008;0008;4095;0035;0007;0006;0007;0006;0
21:56:54:777;4095;4095;0043;0010;0010;0010;4095;4095;0041;0006;0006;0006;4095;0037;0008;0008;0008;0008;4095;0035;0007;0007;0006;0006;0
21:56:54:778;4095;4095;0044;0010;0010;0010;4095;4095;0040;0007;0006;0005;4095;0037;0008;0009;0008;0008;4095;0036;0007;0007;0006;0006;0
21:56:54:779;4095;4095;0043;0010;0009;0010;4095;4095;0040;0006;0006;0006;4095;0037;0008;0007;0008;0009;4095;0036;0007;0006;0006;0006;0
21:56:54:781;4095;4095;0043;0010;0009;0010;4095;4095;0040;0006;0006;0005;4095;0036;0008;0008;0007;0008;4095;0035;0007;0006;0006;0006;0
21:56:54:782;4095;4095;0043;0010;0009;0010;4095;4095;0040;0006;0005;0006;4095;0037;0007;0007;0008;0008;4095;0035;0006;0007;0007;0006;0
21:56:54:783;4095;4095;0043;0010;0009;0010;4095;4095;0041;0006;0005;0006;4095;0037;0008;0008;0008;0008;4095;0036;0007;0007;0006;0007;0
21:56:54:784;4095;4095;0044;0010;0009;0010;4095;4095;0040;0006;0005;0006;4095;0037;0008;0008;0008;0009;4095;0035;0007;0006;0007;0006;0
21:56:54:785;4095;4095;0043;0010;0009;0010;4095;4095;0040;0007;0005;0006;4095;0036;0008;0008;0008;0008;4095;0035;0006;0006;0006;0006;0
21:56:54:786;4095;4095;0043;0010;0010;0010;4095;4095;0040;0006;0006;0006;4095;0037;0008;0008;0007;0008;4095;0035;0007;0006;0007;0007;0
21:56:54:855;4095;4095;0043;0010;0009;0010;4095;4095;0041;0006;0006;0006;4095;0037;0008;0008;0007;0008;4095;0035;0007;0006;0007;0006;0
21:56:54:856;4095;4095;0043;0010;0010;0009;4095;4095;0041;0006;0005;0006;4095;0037;0008;0008;0008;0008;4095;0035;0007;0007;0006;0007;0
21:56:54:858;4095;4095;0044;0010;0009;0010;4095;4095;0041;0006;0006;0006;4095;0037;0008;0008;0008;0009;4095;0035;0007;0006;0006;0006;0
21:56:54:859;4095;4095;0044;0010;0009;0010;4095;4095;0040;0006;0006;0006;4095;0037;0008;0008;0008;0008;4095;0036;0007;0007;0007;0007;0
21:56:54:860;4095;4095;0043;0010;0010;0010;4095;4095;0040;0006;0006;0005;4095;0037;0008;0008;0008;0008;4095;0035;0007;0006;0006;0006;0
21:56:54:861;4095;4095;0043;0010;0009;0010;4095;4095;0040;0006;0006;0006;4095;0037;0008;0008;0008;0008;4095;0035;0006;0007;0006;0007;0
21:56:54:862;4095;4095;0043;0010;0009;0010;4095;4095;0040;0007;0006;0006;4095;0037;0008;0008;0008;0008;4095;0035;0007;0006;0007;0007;0
21:56:54:864;4095;4095;0043;0010;0009;0010;4095;4095;0040;0006;0006;0006;4095;0037;0008;0008;0008;0008;4095;0035;0007;0007;0007;0006;0
21:56:54:865;4095;4095;0043;0010;0009;0010;4095;4095;0040;0006;0006;0006;4095;0037;0009;0008;0008;0008;4095;0035;0006;0007;0007;0006;0
21:56:54:867;4095;4095;0043;0010;0009;0010;4095;4095;0040;0006;0005;0006;4095;0037;0008;0009;0007;0008;4095;0035;0007;0006;0006;0006;0
21:56:54:868;4095;4095;0044;0011;0009;0010;4095;4095;0040;0006;0006;0006;4095;0037;0008;0008;0008;0008;4095;0035;0007;0007;0007;0006;0
21:56:54:870;4095;4095;0044;0010;0009;0010;4095;4095;0040;0006;0006;0006;4095;0036;0008;0008;0007;0009;4095;0035;0007;0006;0007;0006;0
21:56:54:871;4095;4095;0043;0010;0009;0010;4095;4095;0040;0006;0005;0005;4095;0037;0008;0008;0008;0008;4095;0036;0007;0007;0006;0006;0
21:56:54:872;4095;4095;0044;0010;0009;0010;4095;4095;0040;0006;0005;0006;4095;0037;0008;0008;0008;0008;4095;0036;0007;0006;0007;0007;0
21:56:54:873;4095;4095;0043;0010;0009;0009;4095;4095;0040;0006;0006;0006;4095;0037;0008;0008;0008;0008;4095;0035;0007;0006;0007;0006;0
21:56:54:874;4095;4095;0043;0010;0009;0009;4095;4095;0040;0006;0006;0006;4095;0034;0008;0008;0007;0008;4095;0032;0006;0006;0007;0007;0
21:56:54:875;4095;4095;0043;0010;0009;0010;4095;4095;0040;0006;0005;0005;4095;0037;0007;0008;0008;0008;4095;0035;0007;0006;0006;0006;0
21:56:54:877;4095;4095;0044;0009;0010;0010;4095;4095;0041;0005;0006;0006;4095;0037;0008;0008;0008;0008;4095;0035;0007;0006;0007;0006;0
21:56:54:878;4095;4095;0043;0010;0009;0009;4095;4095;0041;0006;0006;0006;4095;0036;0008;0009;0008;0008;4095;0036;0007;0007;0007;0006;0
21:56:54:879;4095;4095;0044;0010;0009;0010;4095;4095;0041;0006;0005;0006;4095;0037;0008;0008;0008;0008;4095;0035;0006;0006;0006;0006;0
21:56:54:880;4095;4095;0043;0010;0010;0010;4095;4095;0040;0006;0006;0006;4095;0037;0008;0008;0008;0009;4095;0036;0007;0006;0006;0006;0
21:56:54:881;4095;4095;0043;0009;0008;0010;4095;4095;0040;0007;0005;0005;4095;0037;0008;0008;0008;0008;4095;0036;0006;0007;0006;0006;0
21:56:54:882;4095;4095;0044;0010;0009;0010;4095;4095;0041;0006;0005;0006;4095;0036;0007;0008;0007;0008;4095;0035;0007;0007;0006;0006;0
21:56:54:883;4095;4095;0043;0010;0009;0010;4095;4095;0041;0006;0006;0006;4095;0037;0008;0008;0008;0008;4095;0035;0006;0007;0007;0006;0
21:56:54:884;4095;4095;0044;0009;0010;0010;4095;4095;0040;0006;0005;0006;4095;0037;0008;0007;0007;0008;4095;0036;0007;0006;0006;0006;0
21:56:54:885;4095;4095;0043;0010;0009;0010;4095;4095;0040;0006;0006;0006;4095;0037;0008;0008;0008;0008;4095;0036;0007;0007;0007;0007;0
21:56:54:888;4095;4095;0043;0010;0009;0010;4095;4095;0040;0007;0005;0006;4095;0037;0008;0008;0008;0009;4095;0035;0006;0007;0007;0007;0
21:56:54:889;4095;4095;0044;0010;0009;0010;4095;4095;0040;0006;0006;0006;4095;0037;0008;0008;0008;0008;4095;0035;0007;0007;0006;0007;0
21:56:54:890;4095;4095;0044;0010;0009;0010;4095;4095;0040;0006;0006;0006;4095;0037;0008;0009;0008;0008;4095;0035;0007;0007;0007;0006;0
21:56:54:891;4095;4095;0043;0010;0009;0009;4095;4095;0040;0007;0006;0005;4095;0037;0008;0008;0007;0008;4095;0036;0006;0006;0007;0006;0
21:56:54:892;4095;4095;0043;0011;0009;0010;4095;4095;0041;0006;0006;0006;4095;0037;0008;0008;0008;0008;4095;0035;0007;0007;0006;0007;0
21:56:54:893;4095;4095;0043;0010;0010;0010;4095;4095;0040;0006;0006;0006;4095;0036;0008;0007;0008;0008;4095;0035;0007;0007;0007;0006;0
21:56:54:963;4095;4095;0043;0010;0009;0011;4095;4095;0040;0006;0006;0005;4095;0037;0008;0008;0008;0008;4095;0035;0007;0007;0006;0006;0
21:56:54:964;4095;4095;0043;0010;0009;0009;4095;4095;0040;0006;0006;0005;4095;0037;0008;0008;0008;0008;4095;0035;0007;0006;0007;0007;0
21:56:54:965;4095;4095;0043;0010;0009;0010;4095;4095;0040;0006;0006;0006;4095;0037;0008;0008;0007;0008;4095;0035;0006;0006;0006;0006;0
21:56:54:966;4095;4095;0044;0010;0010;0010;4095;4095;0040;0006;0005;0006;4095;0037;0008;0008;0008;0007;4095;0035;0007;0007;0007;0006;0
21:56:54:967;4095;4095;0043;0010;0009;0009;4095;4095;0040;0006;0006;0005;4095;0037;0008;0008;0007;0009;4095;0035;0007;0007;0007;0006;0
21:56:54:968;4095;4095;0043;0010;0009;0010;4095;4095;0040;0006;0006;0006;4095;0037;0008;0008;0008;0008;4095;0035;0007;0006;0007;0007;0
21:56:54:969;4095;4095;0044;0010;0009;0010;4095;4095;0040;0006;0005;0006;4095;0037;0008;0008;0008;0008;4095;0035;0007;0007;0007;0006;0
21:56:54:970;4095;4095;0044;0010;0009;0010;4095;4095;0040;0006;0005;0006;4095;0037;0008;0007;0007;0008;4095;0035;0006;0006;0007;0007;0
21:56:54:971;4095;4095;0043;0011;0009;0009;4095;4095;0040;0006;0005;0006;4095;0037;0008;0008;0008;0008;4095;0036;0006;0006;0006;0006;0
21:56:54:974;4095;4095;0043;0010;0009;0010;4095;4095;0041;0006;0006;0006;4095;0036;0008;0008;0008;0008;4095;0035;0006;0007;0006;0007;0
21:56:54:975;4095;4095;0043;0010;0009;0010;4095;4095;0040;0006;0006;0006;4095;0037;0008;0008;0008;0008;4095;0035;0007;0007;0007;0006;0
21:56:54:976;4095;4095;0043;0010;0009;0010;4095;4095;0040;0006;0006;0006;4095;0036;0008;0008;0007;0008;4095;0036;0007;0007;0007;0007;0
21:56:54:977;4095;4095;0043;0010;0009;0009;4095;4095;0040;0006;0006;0006;4095;0037;0008;0008;0007;0008;4095;0035;0006;0006;0007;0006;0
21:56:54:978;4095;4095;0043;0010;0009;0010;4095;4095;0040;0007;0006;0006;4095;0037;0008;0008;0007;0008;4095;0035;0007;0006;0007;0006;0
21:56:54:979;4095;4095;0044;0011;0009;0010;4095;4095;0040;0006;0005;0006;4095;0037;0008;0008;0008;0008;4095;0036;0007;0007;0006;0006;0
21:56:54:980;4095;4095;0044;0010;0009;0011;4095;4095;0041;0006;0006;0006;4095;0037;0008;0008;0007;0008;4095;0035;0006;0007;0006;0006;0
21:56:54:981;4095;4095;0043;0010;0009;0010;4095;4095;0041;0006;0006;0006;4095;0037;0008;0009;0008;0008;4095;0035;0007;0006;0006;0007;0
21:56:54:982;4095;4095;0044;0010;0009;0010;4095;4095;0040;0006;0006;0006;4095;0037;0009;0008;0007;0009;4095;0035;0006;0006;0007;0006;0
21:56:54:984;4095;4095;0043;0010;0010;0009;4095;4095;0041;0006;0005;0005;4095;0037;0008;0008;0008;0008;4095;0036;0007;0006;0007;0007;0
21:56:54:986;4095;4095;0043;0010;0009;0010;4095;4095;0040;0006;0006;0006;4095;0036;0008;0008;0008;0008;4095;0035;0006;0007;0006;0007;0
21:56:54:987;4095;4095;0043;0010;0010;0010;4095;4095;0040;0006;0006;0006;4095;0037;0008;0009;0007;0008;4095;0035;0007;0007;0006;0007;0
21:56:54:988;4095;4095;0044;0011;0010;0010;4095;4095;0040;0006;0006;0006;4095;0037;0008;0007;0008;0008;4095;0035;0006;0006;0007;0007;0
21:56:54:989;4095;4095;0043;0010;0009;0010;4095;4095;0040;0006;0006;0006;4095;0037;0009;0008;0008;0008;4095;0036;0007;0006;0006;0006;0
21:56:54:991;4095;4095;0044;0010;0009;0010;4095;4095;0040;0006;0006;0005;4095;0037;0008;0008;0008;0008;4095;0035;0006;0006;0007;0006;0
21:56:54:992;4095;4095;0043;0010;0009;0011;4095;4095;0040;0006;0005;0006;4095;0037;0008;0008;0007;0008;4095;0035;0006;0007;0007;0006;0
21:56:54:994;4095;4095;0043;0010;0009;0010;4095;4095;0040;0006;0005;0006;4095;0037;0008;0008;0008;0008;4095;0035;0007;0006;0007;0007;0
21:56:54:995;4095;4095;0043;0010;0009;0011;4095;4095;0040;0006;0005;0006;4095;0037;0007;0008;0007;0008;4095;0036;0007;0006;0007;0006;0
21:56:54:996;4095;4095;0043;0010;0009;0011;4095;4095;0040;0006;0006;0006;4095;0037;0008;0008;0008;0008;4095;0035;0006;0007;0006;0006;0
21:56:54:997;4095;4095;0043;0010;0009;0010;4095;4095;0040;0006;0006;0006;4095;0037;0009;0008;0007;0008;4095;0036;0007;0007;0006;0006;0
21:56:54:998;4095;4095;0043;0010;0010;0010;4095;4095;0040;0006;0006;0006;4095;0037;0008;0008;0008;0009;4095;0035;0007;0007;0006;0007;0
21:56:54:999;4095;4095;0044;0010;0009;0010;4095;4095;0041;0006;0006;0006;4095;0037;0008;0008;0007;0008;4095;0035;0006;0006;0007;0006;0
21:56:55:0;4095;4095;0044;0009;0010;0010;4095;4095;0040;0006;0005;0006;4095;0037;0008;0008;0008;0008;4095;0035;0007;0006;0006;0006;0
21:56:55:1;4095;4095;0043;0010;0010;0010;4095;4095;0040;0006;0006;0006;4095;0037;0008;0008;0008;0008;4095;0036;0007;0006;0007;0006;0
21:56:55:69;4095;4095;0043;0010;0009;0010;4095;4095;0041;0006;0005;0007;4095;0037;0009;0008;0008;0008;4095;0035;0007;0006;0007;0007;0
21:56:55:70;4095;4095;0043;0010;0009;0010;4095;4095;0040;0007;0006;0006;4095;0037;0008;0008;0008;0009;4095;0035;0007;0006;0006;0006;0
21:56:55:71;4095;4095;0043;0010;0009;0010;4095;4095;0040;0006;0006;0006;4095;