21:57:29:431;95;0037;0008;0008;0007;0008;4095;0035;0007;0007;0006;0006;0
21:57:29:432;4095;4095;0043;0010;0009;0011;4095;4095;0040;0006;0006;0006;4095;0037;0008;0008;0007;0008;4095;0036;0006;0006;0006;0007;0
21:57:29:433;4095;4095;0043;0010;0009;0010;4095;4095;0040;0006;0005;0005;4095;0036;0008;0008;0008;0008;4095;0035;0006;0007;0007;0006;0
21:57:29:434;4095;4095;0043;0010;0010;0010;4095;4095;0040;0006;0006;0006;4095;0037;0008;0008;0007;0008;4095;0035;0007;0007;0007;0006;0
21:57:29:435;4095;4095;0043;0009;0010;0010;4095;4095;0041;0006;0006;0006;4095;0036;0008;0008;0008;0008;4095;0035;0007;0007;0007;0007;0
21:57:29:436;4095;4095;0043;0010;0010;0010;4095;4095;0040;0006;0005;0005;4095;0037;0008;0008;0008;0008;4095;0035;0007;0006;0007;0007;0
21:57:29:437;4095;4095;0043;0010;0009;0010;4095;4095;0040;0007;0006;0006;4095;0037;0008;0009;0007;0008;4095;0035;0007;0006;0006;0006;0
21:57:29:438;4095;4095;0044;0011;0009;0010;4095;4095;0040;0006;0006;0006;4095;0037;0008;0008;0008;0008;4095;0035;0007;0007;0006;0006;0
21:57:29:439;4095;4095;0044;0010;0009;0010;4095;4095;0040;0006;0006;0006;4095;0037;0009;0008;0008;0008;4095;0035;0006;0006;0006;0007;0
21:57:29:440;4095;4095;0044;0010;0009;0010;4095;4095;0040;0006;0005;0006;4095;0037;0008;0008;0008;0008;4095;0035;0007;0007;0007;0006;0
21:57:29:442;4095;4095;0044;0010;0009;0010;4095;4095;0040;0006;0006;0006;4095;0037;0008;0008;0008;0008;4095;0035;0006;0007;0007;0007;0
21:57:29:443;4095;4095;0043;0010;0009;0010;4095;4095;0040;0006;0006;0006;4095;0037;0008;0008;0008;0008;4095;0035;0006;0006;0007;0007;0
21:57:29:444;4095;4095;0043;0010;0009;0010;4095;4095;0040;0006;0006;0006;4095;0036;0008;0008;0008;0009;4095;0036;0007;0006;0006;0007;0
21:57:29:445;4095;4095;0044;0010;0009;0011;4095;4095;0040;0006;0006;0006;4095;0037;0008;0008;0008;0008;4095;0035;0007;0006;0006;0007;0
21:57:29:446;4095;4095;0043;0010;0009;0010;4095;4095;0040;0006;0005;0006;4095;0037;0008;0008;0008;0008;4095;0035;0007;0006;0007;0006;0
21:57:29:447;4095;4095;0043;0010;0009;0010;4095;4095;0040;0006;0006;0007;4095;0037;0008;0008;0008;0008;4095;0035;0007;0007;0006;0007;0
21:57:29:448;4095;4095;0043;0010;0009;0010;4095;4095;0040;0006;0006;0006;4095;0037;0008;0008;0007;0008;4095;0035;0006;0006;0006;0006;0
21:57:29:449;4095;4095;0043;0010;0009;0010;4095;4095;0040;0006;0005;0006;4095;0037;0008;0008;0007;0008;4095;0036;0007;0007;0007;0006;0
21:57:29:450;4095;4095;0043;0010;0010;0010;4095;4095;0040;0006;0006;0006;4095;0037;0008;0008;0008;0008;4095;0035;0007;0007;0007;0006;0
21:57:29:452;4095;4095;0044;0010;0010;0010;4095;4095;0040;0006;0006;0006;4095;0037;0008;0008;0008;0008;4095;0035;0006;0006;0007;0007;0
21:57:29:453;4095;4095;0043;0010;0009;0010;4095;4095;0040;0006;0006;0006;4095;0037;0008;0007;0008;0008;4095;0035;0007;0006;0006;0007;0
21:57:29:454;4095;4095;0043;0009;0009;0010;4095;4095;0040;0005;0006;0006;4095;0037;0008;0008;0008;0009;4095;0035;0007;0007;0006;0006;0
21:57:29:455;4095;4095;0043;0010;0009;0010;4095;4095;0040;0006;0005;0006;4095;0036;0008;0008;0007;0008;4095;0035;0007;0007;0006;0006;0
21:57:29:456;4095;4095;0043;0009;0010;0010;4095;4095;0040;0006;0006;0006;4095;0036;0008;0008;0008;0008;4095;0036;0006;0006;0006;0006;0
21:57:29:457;4095;4095;0043;0010;0010;0010;4095;4095;0040;0006;0005;0006;4095;0037;0008;0009;0007;0008;4095;0035;0007;0007;0006;0006;0
21:57:29:458;4095;4095;0043;0010;0009;0010;4095;4095;0040;0006;0005;0006;4095;0037;0007;0008;0008;0008;4095;0035;0007;0006;0006;0006;0
21:57:29:459;4095;4095;0043;0010;0009;0009;4095;4095;0041;0006;0006;0006;4095;0037;0008;0008;0008;0008;4095;0035;0007;0006;0006;0006;0
21:57:29:460;4095;4095;0043;0010;0009;0010;4095;4095;0041;0006;0006;0006;4095;0037;0008;0008;0008;0008;4095;0035;0006;0006;0006;0006;0
21:57:29:463;4095;4095;0043;0010;0009;0010;4095;4095;0040;0006;0005;0006;4095;0036;0008;0008;0007;0008;4095;0035;0007;0006;0007;0006;0
21:57:29:464;4095;4095;0043;0010;0009;0010;4095;4095;0040;0006;0006;0006;4095;0037;0008;0008;0007;0008;4095;0036;0007;0006;0006;0007;0
21:57:29:465;4095;4095;0044;0010;0009;0011;4095;4095;0040;0006;0006;0006;4095;0037;0008;0008;0008;0008;4095;0035;0006;0007;0006;0007;0
21:57:29:466;4095;4095;0043;0010;0009;0010;4095;4095;0040;0006;0006;0006;4095;0037;0008;0008;0007;0008;4095;0035;0007;0007;0007;0006;0
21:57:29:467;4095;4095;0043;0009;0009;0010;4095;4095;0040;0006;0006;0006;4095;0037;0008;0008;0007;0009;4095;0035;0007;0007;0007;0006;0
21:57:29:537;4095;4095;0044;0010;0009;0010;4095;4095;0040;0006;0006;0006;4095;0037;0008;0008;0008;0008;4095;0035;0007;0007;0006;0007;0
21:57:29:539;4095;4095;0043;0010;0009;0010;4095;4095;0040;0006;0006;0005;4095;0037;0008;0007;0007;0008;4095;0035;0006;0006;0007;0007;0
21:57:29:540;4095;4095;0043;0010;0009;0010;4095;4095;0040;0006;0006;0006;4095;0037;0008;0008;0007;0009;4095;0035;0007;0007;0007;0006;0
21:57:29:541;4095;4095;0043;0010;0009;0010;4095;4095;0040;0006;0006;0006;4095;0037;0008;0007;0008;0008;4095;0035;0007;0006;0006;0007;0
21:57:29:543;4095;4095;0043;0010;0009;0010;4095;4095;0041;0006;0006;0006;4095;0037;0008;0008;0008;0009;4095;0035;0007;0006;0006;0007;0
21:57:29:544;4095;4095;0043;0010;0009;0009;4095;4095;0040;0006;0006;0005;4095;0037;0008;0008;0007;0008;4095;0035;0007;0006;0007;0006;0
21:57:29:545;4095;4095;0044;0010;0010;0010;4095;4095;0040;0006;0006;0006;4095;0037;0008;0008;0008;0008;4095;0035;0007;0006;0006;0006;0
21:57:29:546;4095;4095;0044;0010;0009;0009;4095;4095;0040;0006;0006;0006;4095;0037;0008;0008;0008;0008;4095;0036;0007;0006;0007;0006;0
21:57:29:548;4095;4095;0043;0011;0009;0010;4095;4095;0040;0006;0005;0006;4095;0037;0008;0008;0008;0008;4095;0035;0007;0007;0006;0006;0
21:57:29:550;4095;4095;0043;0010;0009;0010;4095;4095;0040;0006;0006;0006;4095;0037;0008;0008;0008;0008;4095;0035;0007;0007;0007;0006;0
21:57:29:552;4095;4095;0043;0010;0009;0010;4095;4095;0040;0006;0005;0006;4095;0037;0008;0008;0007;0008;4095;0035;0007;0007;0006;0006;0
21:57:29:554;4095;4095;0044;0010;0009;0010;4095;4095;0041;0006;0006;0006;4095;0037;0008;0008;0008;0008;4095;0035;0006;0007;0006;0006;0
21:57:29:555;4095;4095;0044;0009;0009;0009;4095;4095;0040;0006;0006;0006;4095;0037;0008;0008;0007;0009;4095;0035;0007;0006;0006;0007;0
21:57:29:557;4095;4095;0043;0010;0009;0010;4095;4095;0041;0006;0006;0006;4095;0037;0008;0008;0008;0009;4095;0035;0006;0006;0007;0006;0
21:57:29:559;4095;4095;0044;0010;0009;0010;4095;4095;0040;0006;0006;0006;4095;0036;0008;0008;0008;0008;4095;0036;0007;0007;0006;0007;0
21:57:29:560;4095;4095;0043;0010;0009;0011;4095;4095;0040;0006;0006;0006;4095;0037;0008;0008;0008;0008;4095;0035;0007;0007;0007;0007;0
21:57:29:561;4095;4095;0043;0010;0009;0010;4095;4095;0040;0006;0006;0006;4095;0037;0008;0008;0008;0008;4095;0035;0006;0007;0006;0007;0
21:57:29:562;4095;4095;0044;0010;0009;0010;4095;4095;0041;0006;0005;0006;4095;0037;0008;0008;0007;0008;4095;0036;0007;0007;0006;0007;0
21:57:29:563;4095;4095;0043;0010;0010;0010;4095;4095;0040;0006;0006;0005;4095;0037;0008;0008;0008;0009;4095;0036;0006;0007;0006;0006;0
21:57:29:564;4095;4095;0044;0009;0009;0010;4095;4095;0040;0006;0006;0006;4095;0037;0008;0008;0008;0008;4095;0035;0007;0006;0007;0006;0
21:57:29:565;4095;4095;0043;0010;0009;0009;4095;4095;0040;0006;0006;0005;4095;0037;0008;0009;0007;0008;4095;0036;0007;0007;0006;0006;0
21:57:29:566;4095;4095;0043;0010;0009;0010;4095;4095;0040;0006;0006;0006;4095;0037;0008;0009;0007;0008;4095;0036;0006;0006;0006;0007;0
21:57:29:567;4095;4095;0044;0010;0009;0010;4095;4095;0040;0006;0006;0006;4095;0037;0008;0008;0008;0008;4095;0035;0006;0006;0007;0006;0
21:57:29:569;4095;4095;0043;0010;0009;0010;4095;4095;0041;0006;0005;0006;4095;0037;0008;0008;0007;0008;4095;0035;0007;0007;0006;0006;0
21:57:29:570;4095;4095;0039;0011;0009;0010;4095;4095;0036;0006;0006;0006;4095;0037;0007;0008;0008;0008;4095;0035;0006;0006;0006;0007;0
21:57:29:571;4095;4095;0043;0010;0010;0010;4095;4095;0040;0006;0006;0006;4095;0037;0008;0007;0008;0008;4095;0036;0006;0007;0006;0006;0
21:57:29:572;4095;4095;0044;0010;0009;0010;4095;4095;0040;0006;0006;0006;4095;0036;0008;0008;0007;0007;4095;0035;0006;0007;0007;0006;0
21:57:29:574;4095;4095;0043;0011;0009;0010;4095;4095;0040;0006;0006;0005;4095;0037;0008;0008;0007;0008;4095;0035;0007;0006;0006;0006;0
21:57:29:575;4095;4095;0044;0010;0009;0010;4095;4095;0041;0007;0006;0006;4095;0037;0009;0008;0008;0008;4095;0035;0007;0007;0006;0007;0
21:57:29:576;4095;4095;0043;0010;0009;0010;4095;4095;0040;0006;0005;0005;4095;0037;0009;0008;0007;0008;4095;0035;0006;0006;0007;0007;0
21:57:29:577;4095;4095;0043;0009;0009;0009;4095;4095;0040;0006;0006;0006;4095;0037;0007;0008;0008;0008;4095;0035;0007;0006;0006;0006;0
21:57:29:579;4095;4095;0043;0010;0009;0010;4095;4095;0040;0006;0006;0006;4095;0037;0007;0008;0007;0008;4095;0036;0007;0007;0006;0006;0
21:57:29:644;4095;4095;0044;0010;0009;0010;4095;4095;0040;0006;0006;0006;4095;0037;0008;0008;0008;0008;4095;0035;0007;0006;0006;0006;0
21:57:29:645;4095;4095;0043;0010;0009;0009;4095;4095;0040;0006;0006;0006;4095;0037;0008;0008;0008;0008;4095;0035;0006;0007;0007;0006;0
21:57:29:647;4095;4095;0043;0009;0009;0011;4095;4095;0040;0006;0006;0006;4095;0037;0008;0008;0008;0008;4095;0035;0007;0007;0007;0007;0
21:57:29:648;4095;4095;0043;0010;0009;0009;4095;4095;0040;0007;0006;0006;4095;0037;0008;0008;0007;0008;4095;0035;0006;0006;0006;0006;0
21:57:29:649;4095;4095;0043;0010;0009;0010;4095;4095;0041;0006;0005;0006;4095;0037;0008;0008;0008;0008;4095;0035;0007;0006;0006;0007;0
21:57:29:650;4095;4095;0043;0010;0009;0010;4095;4095;0040;0006;0005;0006;4095;0037;0008;0008;0007;0008;4095;0035;0007;0007;0007;0006;0
21:57:29:651;4095;4095;0043;0010;0009;0010;4095;4095;0040;0006;0006;0006;4095;0037;0008;0008;0008;0008;4095;0035;0007;0007;0007;0006;0
21:57:29:653;4095;4095;0043;0010;0010;0009;4095;4095;0040;0006;0006;0006;4095;0037;0008;0008;0008;0008;4095;0035;0007;0006;0006;0007;0
21:57:29:654;4095;4095;0044;0010;0009;0010;4095;4095;0040;0005;0005;0006;4095;0037;0008;0008;0008;0008;4095;0035;0006;0006;0006;0006;0
21:57:29:657;4095;4095;0043;0010;0009;0010;4095;4095;0040;0006;0006;0006;4095;0037;0008;0008;0008;0008;4095;0035;0007;0006;0007;0007;0
21:57:29:658;4095;4095;0043;0010;0009;0010;4095;4095;0040;0006;0006;0006;4095;0037;0008;0008;0008;0009;4095;0036;0006;0006;0006;0006;0
21:57:29:659;4095;4095;0044;0010;0009;0010;4095;4095;0040;0006;0006;0006;4095;0037;0008;0008;0008;0008;4095;0035;0007;0006;0007;0007;0
21:57:29:660;4095;4095;0043;0010;0009;0010;4095;4095;0040;0006;0006;0005;4095;0037;0008;0009;0007;0008;4095;0035;0007;0007;0007;0007;0
21:57:29:662;4095;4095;0043;0010;0009;0010;4095;4095;0041;0006;0005;0006;4095;0037;0008;0007;0007;0008;4095;0035;0007;0006;0007;0006;0
21:57:29:663;4095;4095;0044;0010;0009;0010;4095;4095;0040;0006;0006;0006;4095;0037;0008;0008;0008;0008;4095;0035;0006;0006;0006;0007;0
21:57:29:664;4095;4095;0043;0010;0009;0010;4095;4095;0040;0006;0006;0006;4095;0037;0008;0009;0008;0009;4095;0035;0007;0006;0007;0006;0
21:57:29:665;4095;4095;0043;0010;0009;0010;4095;4095;0040;0007;0006;0006;4095;0037;0008;0007;0008;0008;4095;0035;0007;0007;0006;0006;0
21:57:29:668;4095;4095;0044;0010;0009;0010;4095;4095;0041;0006;0006;0006;4095;0037;0009;0008;0008;0008;4095;0035;0006;0007;0007;0006;0
21:57:29:669;4095;4095;0044;0009;0010;0009;4095;4095;0040;0006;0005;0006;4095;0037;0008;0008;0008;0008;4095;0036;0007;0006;0006;0006;0
21:57:29:670;4095;4095;0043;0010;0009;0009;4095;4095;0041;0006;0006;0005;4095;0036;0007;0008;0007;0008;4095;0035;0006;0006;0007;0007;0
21:57:29:671;4095;4095;0044;0010;0010;0010;4095;4095;0040;0006;0005;0006;4095;0036;0008;0008;0008;0008;4095;0035;0007;0006;0007;0007;0
21:57:29:672;4095;4095;0044;0011;0009;0010;4095;4095;0040;0006;0006;0006;4095;0037;0008;0008;0008;0008;4095;0035;0007;0006;0006;0007;0
21:57:29:673;4095;4095;0043;0010;0010;0010;4095;4095;0040;0006;0006;0006;4095;0037;0008;0008;0007;0008;4095;0036;0006;0007;0007;0006;0
21:57:29:674;4095;4095;0043;0011;0009;0011;4095;4095;0040;0006;0006;0006;4095;0037;0008;0008;0008;0008;4095;0035;0007;0006;0007;0006;0
21:57:29:675;4095;4095;0043;0010;0009;0010;4095;4095;0041;0006;0006;0006;4095;0037;0007;0008;0007;0008;4095;0035;0007;0006;0006;0006;0
21:57:29:677;4095;4095;0044;0010;0010;0010;4095;4095;0041;0007;0006;0006;4095;0037;0008;0008;0007;0008;4095;0035;0007;0007;0007;0006;0
21:57:29:678;4095;4095;0044;0010;0009;0009;4095;4095;0041;0005;0005;0006;4095;0037;0008;0009;0008;0008;4095;0035;0007;0007;0007;0006;0
21:57:29:679;4095;4095;0043;0010;0009;0010;4095;4095;0040;0006;0006;0006;4095;0037;0008;0008;0008;0008;4095;0035;0006;0006;0007;0006;0
21:57:29:680;4095;4095;0044;0010;0009;0010;4095;4095;0040;0006;0006;0005;4095;0037;0009;0008;0008;0008;4095;0035;0007;0006;0007;0006;0
21:57:29:681;4095;4095;0043;0010;0010;0010;4095;4095;0040;0006;0006;0006;4095;0037;0009;0008;0008;0008;4095;0035;0006;0006;0007;0007;0
21:57:29:682;4095;4095;0043;0009;0009;0010;4095;4095;0040;0006;0006;0006;4095;0037;0008;0008;0007;0008;4095;0035;0007;0006;0006;0007;0
21:57:29:684;4095;4095;0043;0010;0009;0010;4095;4095;0040;0007;0005;0006;4095;0037;0008;0008;0008;0008;4095;0035;0007;0007;0006;0007;0
21:57:29:685;4095;4095;0044;0010;0009;0010;4095;4095;0040;0006;0006;0006;4095;0037;0008;0008;0008;0009;4095;0036;0006;0007;0007;0007;0
21:57:29:751;4095;4095;0044;0010;0009;0009;4095;4095;0040;0006;0006;0007;4095;0036;0008;0008;0007;0008;4095;0036;0007;0006;0007;0007;0
21:57:29:752;4095;4095;0043;0009;0009;0010;4095;4095;0040;0006;0006;0006;4095;0037;0008;0009;0008;0008;4095;0035;0007;0007;0006;0007;0
21:57:29:754;4095;4095;0043;0010;0009;0011;4095;4095;0040;0006;0006;0006;4095;0037;0008;0009;0008;0008;4095;0035;0007;0006;0007;0006;0
21:57:29:755;4095;4095;0043;0010;0009;0010;4095;4095;0040;0006;0005;0006;4095;0036;0008;0008;0007;0008;4095;0036;0007;0006;0006;0006;0
21:57:29:756;4095;4095;0043;0010;0010;0010;4095;4095;0041;0007;0006;0005;4095;0037;0008;0008;0008;0008;4095;0035;0006;0006;0006;0007;0
21:57:29:757;4095;4095;0043;0010;0009;0011;4095;4095;0040;0006;0005;0006;4095;0037;0008;0008;0008;0008;4095;0035;0007;0006;0006;0006;0
21:57:29:758;4095;4095;0043;0010;0010;0010;4095;4095;0040;0006;0006;0006;4095;0037;0008;0008;0007;0008;4095;0035;0007;0007;0006;0006;0
21:57:29:760;4095;4095;0044;0010;0009;0011;4095;4095;0040;0006;0006;0005;4095;0037;0008;0008;0008;0009;4095;0035;0007;0007;0006;0006;0
21:57:29:761;4095;4095;0044;0009;0009;0010;4095;4095;0040;0006;0006;0006;4095;0037;0008;0008;0008;0008;4095;0035;0007;0007;0006;0007;0
21:57:29:763;4095;4095;0043;0010;0009;0010;4095;4095;0040;0006;0006;0006;4095;0037;0008;0008;0007;0008;4095;0035;0007;0007;0006;0006;0
21:57:29:764;4095;4095;0043;0009;0009;0010;4095;4095;0041;0006;0006;0005;4095;0037;0008;0008;0007;0008;4095;0035;0006;0006;0007;0006;0
21:57:29:765;4095;4095;0043;0010;0009;0010;4095;4095;0040;0006;0006;0006;4095;0037;0008;0008;0008;0009;4095;0035;0006;0006;0007;0006;0
21:57:29:766;4095;4095;0043;0010;0010;0010;4095;4095;0040;0006;0006;0006;4095;0037;0008;0008;0008;0008;4095;0036;0007;0007;0006;0006;0
21:57:29:767;4095;4095;0044;0010;0009;0010;4095;4095;0041;0006;0006;0006;4095;0037;0007;0008;0008;0008;4095;0035;0006;0007;0006;0006;0
21:57:29:768;4095;4095;0043;0010;0010;0011;4095;4095;0040;0006;0006;0006;4095;0037;0008;0008;0007;0008;4095;0035;0006;0007;0007;0007;0
21:57:29:769;4095;4095;0043;0011;0009;0010;4095;4095;0040;0006;0006;0006;4095;0037;0008;0008;0008;0008;4095;0035;0007;0006;0007;0007;0
21:57:29:770;4095;4095;0043;0010;0009;0009;4095;4095;0040;0006;0006;0005;4095;0037;0008;0009;0007;0008;4095;0035;0007;0007;0006;0007;0
21:57:29:771;4095;4095;0043;0011;0009;0010;4095;4095;0040;0006;0006;0006;4095;0037;0008;0008;0008;0008;4095;0036;0006;0006;0007;0006;0
21:57:29:774;4095;4095;0043;0010;0010;0009;4095;4095;0040;0006;0006;0006;4095;0037;0007;0008;0008;0009;4095;0035;0007;0007;0007;0006;0
21:57:29:775;4095;4095;0044;0010;0010;0010;4095;4095;0040;0006;0006;0006;4095;0036;0008;0008;0008;0008;4095;0035;0007;0006;0006;0006;0
21:57:29:776;4095;4095;0043;0011;0009;0010;4095;4095;0040;0006;0006;0006;4095;0037;0007;0008;0008;0008;4095;0035;0007;0006;0006;0007;0
21:57:29:777;4095;4095;0044;0010;0009;0010;4095;4095;0041;0006;0005;0005;4095;0037;0008;0008;0007;0008;4095;0035;0007;0006;0006;0007;0
21:57:29:778;4095;4095;0043;0009;0009;0011;4095;4095;0040;0006;0006;0006;4095;0037;0008;0008;0008;0008;4095;0035;0007;0007;0007;0006;0
21:57:29:779;4095;4095;0044;0010;0010;0010;4095;4095;0040;0006;0006;0006;4095;0037;0008;0008;0008;0008;4095;0035;0007;0006;0007;0006;0
21:57:29:780;4095;4095;0043;0010;0009;0010;4095;4095;0040;0006;0005;0006;4095;0036;0009;0008;0008;0008;4095;0035;0007;0006;0006;0007;0
21:57:29:781;4095;4095;0043;0010;0010;0010;4095;4095;0041;0006;0006;0006;4095;0037;0008;0008;0007;0008;4095;0035;0007;0006;0006;0007;0
21:57:29:783;4095;4095;0043;0010;0009;0010;4095;4095;0040;0006;0006;0006;4095;0037;0007;0008;0007;0008;4095;0035;0007;0007;0007;0007;0
21:57:29:784;4095;4095;0043;0010;0009;0011;4095;4095;0040;0006;0006;0005;4095;0037;0008;0008;0008;0008;4095;0036;0006;0006;0007;0007;0
21:57:29:785;4095;4095;0043;0010;0010;0010;4095;4095;0040;0006;0005;0006;4095;0037;0008;0008;0007;0008;4095;0035;0007;0007;0007;0006;0
21:57:29:787;4095;4095;0043;0009;0009;0010;4095;4095;0040;0006;0006;0006;4095;0037;0008;0008;0008;0008;4095;0035;0007;0006;0006;0006;0
21:57:29:788;4095;4095;0044;0011;0009;0010;4095;4095;0041;0006;0006;0006;4095;0037;0008;0008;0007;0008;4095;0035;0007;0006;0007;0006;0
21:57:29:789;4095;4095;0043;0010;0009;0011;4095;4095;0040;0006;0006;0006;4095;0037;0008;0008;0008;0008;4095;0035;0006;0007;0006;0006;0
21:57:29:858;4095;4095;0043;0010;0009;0010;4095;4095;0040;0006;0007;0006;4095;0037;0008;0008;0007;0008;4095;0035;0007;0007;0006;0006;0
21:57:29:859;4095;4095;0043;0010;0009;0010;4095;4095;0040;0006;0005;0006;4095;0037;0008;0008;0008;0008;4095;0035;0007;0007;0007;0006;0
21:57:29:860;4095;4095;0043;0010;0009;0010;4095;4095;0040;0006;0006;0006;4095;0037;0008;0008;0008;0008;4095;0036;0007;0006;0006;0007;0
21:57:29:861;4095;4095;0043;0010;0009;0010;4095;4095;0040;0006;0006;0006;4095;0037;0008;0008;0007;0009;4095;0036;0007;0006;0007;0007;0
21:57:29:862;4095;4095;0044;0009;0009;0010;4095;4095;0040;0005;0006;0006;4095;0037;0008;0008;0008;0008;4095;0036;0006;0007;0006;0006;0
21:57:29:863;4095;4095;0043;0010;0010;0010;4095;4095;0040;0006;0006;0005;4095;0037;0008;0008;0008;0008;4095;0035;0007;0006;0006;0007;0
21:57:29:864;4095;4095;0043;0010;0009;0011;4095;4095;0040;0006;0006;0006;4095;0037;0008;0008;0008;0008;4095;0036;0007;0006;0007;0007;0
21:57:29:865;4095;4095;0044;0010;0009;0011;4095;4095;0040;0006;0005;0006;4095;0037;0008;0008;0008;0008;4095;0035;0006;0006;0007;0006;0
21:57:29:867;4095;4095;0043;0010;0009;0010;4095;4095;0040;0006;0006;0006;4095;0037;0008;0008;0008;0008;4095;0035;0007;0007;0006;0006;0
21:57:29:868;4095;4095;0044;0010;0009;0009;4095;4095;0041;0006;0006;0006;4095;0037;0008;0008;0008;0008;4095;0036;0006;0007;0006;0007;0
21:57:29:870;4095;4095;0044;0010;0010;0010;4095;4095;0040;0006;0006;0006;4095;0037;0008;0008;0008;0008;4095;0035;0007;0007;0006;0006;0
21:57:29:871;4095;4095;0043;0011;0009;0010;4095;4095;0040;0006;0006;0006;4095;0037;0008;0007;0008;0008;4095;0035;0007;0006;0007;0006;0
21:57:29:872;4095;4095;0043;0010;0009;0009;4095;4095;0040;0006;0006;0005;4095;0037;0009;0009;0008;0008;4095;0035;0007;0006;0007;0006;0
21:57:29:873;4095;4095;0044;0010;0009;0010;4095;4095;0040;0006;0006;0006;4095;0037;0008;0008;0008;0008;4095;0035;0006;0006;0006;0007;0
21:57:29:875;4095;4095;0043;0010;0009;0010;4095;4095;0041;0006;0005;0006;4095;0037;0008;0008;0008;0008;4095;0035;0006;0006;0007;0007;0
21:57:29:876;4095;4095;0039;0010;0009;0010;4095;4095;0036;0006;0006;0006;4095;0037;0008;0008;0008;0008;4095;0036;0007;0007;0007;0006;0
21:57:29:877;4095;4095;0044;0010;0010;0009;4095;4095;0040;0006;0006;0005;4095;0037;0008;0008;0008;0009;4095;0035;0007;0007;0006;0007;0
21:57:29:877;4095;4095;0043;0010;0009;0010;4095;4095;0040;0006;0006;0005;4095;0037;0008;0008;0008;0008;4095;0036;0007;0007;0006;0007;0
21:57:29:880;4095;4095;0043;0010;0009;0010;4095;4095;0040;0006;0005;0006;4095;0037;0008;0008;0008;0008;4095;0035;0006;0006;0006;0007;0
21:57:29:881;4095;4095;0044;0010;0009;0010;4095;4095;0040;0006;0006;0006;4095;0037;0008;0008;0008;0009;4095;0036;0007;0006;0007;0006;0
21:57:29:882;4095;4095;0043;0010;0009;0010;4095;4095;0040;0006;0006;0006;4095;0036;0008;0008;0007;0008;4095;0035;0007;0006;0006;0007;0
21:57:29:883;4095;4095;0044;0010;0009;0010;4095;4095;0040;0006;0006;0006;4095;0036;0008;0008;0007;0008;4095;0036;0007;0007;0007;0006;0
21:57:29:884;4095;4095;0043;0008;0010;0010;4095;4095;0041;0006;0006;0006;4095;0037;0008;0008;0008;0009;4095;0035;0007;0006;0006;0006;0
21:57:29:885;4095;4095;0044;0009;0009;0010;4095;4095;0040;0006;0006;0006;4095;0037;0008;0008;0008;0008;4095;0036;0007;0006;0006;0006;0
21:57:29:886;4095;4095;0043;0010;0009;0010;4095;4095;0040;0006;0006;0006;4095;0037;0008;0008;0007;0008;4095;0035;0006;0006;0006;0006;0
21:57:29:888;4095;4095;0043;0010;0009;0010;4095;4095;0040;0006;0005;0006;4095;0037;0008;0008;0008;0008;4095;0035;0007;0006;0007;0007;0
21:57:29:890;4095;4095;0043;0010;0009;0010;4095;4095;0040;0006;0006;0006;4095;0036;0008;0008;0007;0008;4095;0035;0007;0007;0007;0006;0
21:57:29:892;4095;4095;0044;0010;0009;0009;4095;4095;0040;0006;0006;0005;4095;0037;0008;0008;0008;0008;4095;0036;0006;0007;0007;0006;0
21:57:29:892;4095;4095;0043;0010;0009;0010;4095;4095;0040;0006;0006;0006;4095;0037;0009;0009;0007;0008;4095;0035;0007;0006;0007;0007;0
21:57:29:894;4095;4095;0043;0010;0009;0010;4095;4095;0041;0006;0005;0006;4095;0037;0008;0008;0008;0008;4095;0035;0007;0007;0007;0006;0
21:57:29:895;4095;4095;0043;0010;0008;0010;4095;4095;0040;0006;0006;0005;4095;0037;0008;0009;0008;0008;4095;0035;0007;0006;0007;0006;0
21:57:29:896;4095;4095;0043;0009;0009;0009;4095;4095;0040;0006;0006;0006;4095;0037;0008;0008;0008;0008;4095;0035;0007;0006;0006;0006;0
21:57:29:897;4095;4095;0043;0010;0009;0010;4095;4095;0041;0006;0006;0006;4095;0037;0008;0008;0008;0008;4095;0035;0007;0006;0006;0006;0
21:57:29:964;4095;4095;0044;0010;0009;0010;4095;4095;0040;0006;0006;0005;4095;0037;0008;0008;0007;0009;4095;0035;0007;0006;0006;0006;0
21:57:29:965;4095;4095;0043;0010;0009;0010;4095;4095;0040;0006;0006;0006;4095;0036;0008;0008;0008;0008;4095;0036;0006;0006;0006;0007;0
21:57:29:966;4095;4095;0043;0010;0009;0009;4095;4095;0040;0006;0005;0006;4095;0037;0008;0008;0007;0008;4095;0035;0007;0007;0007;0007;0
21:57:29:968;4095;4095;0043;0010;0009;0010;4095;4095;0040;0006;0006;0005;4095;0037;0008;0008;0007;0008;4095;0036;0007;0006;0006;0006;0
21:57:29:969;4095;4095;0043;0010;0009;0010;4095;4095;0041;0006;0006;0006;4095;0037;0008;0008;0008;0008;4095;0035;0006;0006;0007;0007;0
21:57:29:970;4095;4095;0044;0011;0009;0010;4095;4095;0040;0006;0006;0006;4095;0036;0007;0008;0008;0008;4095;0036;0007;0007;0006;0007;0
21:57:29:971;4095;4095;0043;0010;0009;0010;4095;4095;0041;0006;0006;0006;4095;0037;0008;0008;0007;0008;4095;0035;0007;0007;0007;0006;0
21:57:29:972;4095;4095;0043;0010;0009;0010;4095;4095;0040;0006;0005;0006;4095;0037;0008;0008;0008;0008;4095;0035;0007;0006;0006;0007;0
21:57:29:973;4095;4095;0043;0010;0009;0010;4095;4095;0041;0006;0006;0006;4095;0037;0008;0008;0008;0008;4095;0035;0006;0007;0006;0007;0
21:57:29:974;4095;4095;0044;0010;0009;0010;4095;4095;0040;0005;0005;0006;4095;0037;0008;0008;0007;0008;4095;0036;0007;0007;0006;0006;0
21:57:29:976;4095;4095;0044;0010;0009;0010;4095;4095;0041;0006;0006;0006;4095;0037;0008;0008;0008;0008;4095;0035;0007;0007;0007;0006;0
21:57:29:977;4095;4095;0043;0010;0009;0010;4095;4095;0041;0006;0006;0006;4095;0037;0008;0008;0007;0008;4095;0035;0007;0006;0007;0006;0
21:57:29:978;4095;4095;0043;0010;0009;0010;4095;4095;0040;0006;0006;0006;4095;0037;0008;0008;0007;0007;4095;0036;0007;0006;0006;0007;0
21:57:29:979;4095;4095;0043;0010;0009;0010;4095;4095;0040;0006;0006;0006;4095;0037;0007;0008;0008;0008;4095;0035;0006;0007;0006;0007;0
21:57:29:980;4095;4095;0044;0009;0009;0010;4095;4095;0040;0006;0005;0006;4095;0037;0008;0008;0007;0008;4095;0035;0007;0007;0007;0006;0
21:57:29:981;4095;4095;0044;0010;0010;0010;4095;4095;0040;0006;0006;0006;4095;0037;0008;0008;0008;0009;4095;0035;0006;0007;0007;0006;0
21:57:29:982;4095;4095;0043;0009;0009;0010;4095;4095;0040;0006;0006;0006;4095;0037;0008;0008;0007;0008;4095;0035;0006;0006;0007;0006;0
21:57:29:983;4095;4095;0044;0010;0010;0010;4095;4095;0041;0006;0006;0006;4095;0037;0009;0008;0008;0008;4095;0036;0007;0006;0007;0006;0
21:57:29:984;4095;4095;0043;0010;0010;0010;4095;4095;0040;0006;0006;0006;4095;0037;0008;0008;0008;0008;4095;0035;0007;0006;0007;0006;0
21:57:29:986;4095;4095;0043;0009;0009;0010;4095;4095;0041;0006;0005;0005;4095;0037;0008;0008;0008;0008;4095;0035;0006;0007;0007;0006;0
21:57:29:987;4095;4095;0043;0010;0010;0010;4095;4095;0040;0006;0006;0005;4095;0038;0009;0008;0007;0008;4095;0035;0007;0007;0006;0007;0
21:57:29:988;4095;4095;0043;0010;0009;0010;4095;4095;0040;0006;0006;0006;4095;0037;0007;0009;0008;0008;4095;0035;0007;0007;0007;0006;0
21:57:29:989;4095;4095;0043;0010;0010;0009;4095;4095;0040;0006;0006;0006;4095;0037;0008;0008;0008;0008;4095;0035;0007;0006;0006;0006;0
21:57:29:990;4095;4095;0044;0010;0009;0010;4095;4095;0040;0006;0006;0006;4095;0037;0008;0008;0007;0008;4095;0034;0007;0006;0006;0007;0
21:57:29:991;4095;4095;0043;0010;0009;0010;4095;4095;0040;0006;0006;0006;4095;0037;0008;0008;0008;0008;4095;0035;0007;0007;0007;0006;0
21:57:29:992;4095;4095;0044;0010;0009;0010;4095;4095;0040;0006;0006;0006;4095;0037;0008;0008;0008;0008;4095;0036;0006;0006;0007;0006;0
21:57:29:993;4095;4095;0043;0010;0009;0010;4095;4095;0040;0006;0005;0005;4095;0037;0008;0008;0008;0008;4095;0035;0006;0006;0007;0006;0
21:57:29:994;4095;4095;0043;0010;0010;0010;4095;4095;0040;0006;0006;0006;4095;0037;0008;0008;0008;0008;4095;0035;0006;0006;0007;0007;0
21:57:29:996;4095;4095;0043;0010;0009;0010;4095;4095;0040;0006;0006;0006;4095;0037;0008;0008;0008;0008;4095;0035;0007;0007;0006;0006;0
21:57:29:997;4095;4095;0044;0011;0009;0010;4095;4095;0040;0006;0006;0006;4095;0036;0008;0009;0008;0008;4095;0036;0007;0006;0006;0006;0
21:57:29:998;4095;4095;0043;0010;0010;0010;4095;4095;0040;0006;0006;0005;4095;0037;0008;0008;0008;0008;4095;0036;0007;0007;0007;0007;0
21:57:29:999;4095;4095;0043;0010;0009;0010;4095;4095;0040;0006;0005;0006;4095;0037;0008;0008;0007;0008;4095;0035;0007;0007;0007;0006;0
21:57:30:71;4095;4095;0044;0010;0009;0010;4095;4095;0041;0006;0006;0006;4095;0037;0008;0008;0008;0008;4095;0035;0007;0006;0006;0007;0
21:57:30:72;4095;4095;0043;0010;0010;0010;4095;4095;0040;0006;0006;0005;4095;0036;0008;0008;0008;0008;4095;0035;0007;0006;0007;0006;0
21:57:30:74;4095;4095;0043;0010;0009;0009;4095;4095;0040;0006;0006;0006;4095;0037;0009;0008;0008;0008;4095;0035;0007;0006;0007;0007;0
21:57:30:75;4095;4095;0043;0010;0009;0010;4095;4095;0040;0006;0006;0006;4095;0037;0008;0008;0007;0008;4095;0035;0007;0006;0006;0006;0
21:57:30:76;4095;4095;0043;0010;0009;0010;4095;4095;0040;0006;0005;0005;4095;0037;0008;0008;0008;0008;4095;0035;0007;0006;0006;0006;0
21:57:30:77;4095;4095;0044;0010;0009;0009;4095;4095;0040;0006;0006;0006;4095;0037;0008;0008;0007;0008;4095;0035;0007;0006;0006;0007;0
21:57:30:78;4095;4095;0043;0010;0009;0010;4095;4095;0040;0006;0006;0006;4095;0037;0008;0008;0008;0008;4095;0035;0006;0007;0006;0007;0
21:57:30:79;4095;4095;0043;0010;0009;0009;4095;4095;0041;0007;0005;0006;4095;0037;0008;0009;0008;0008;4095;0035;0007;0006;0007;0006;0
21:57:30:80;4095;4095;0043;0010;0010;0010;4095;4095;0040;0006;0006;0006;4095;0037;0008;0008;0008;0008;4095;0036;0007;0007;0007;0006;0
21:57:30:81;4095;4095;0043;0010;0009;0010;4095;4095;0041;0006;0005;0006;4095;0037;0008;0008;0007;0008;4095;0035;0007;0006;0007;0006;0
21:57:30:83;4095;4095;0044;0010;0009;0010;4095;4095;0040;0006;0006;0006;4095;0037;0008;0008;0008;0008;4095;0035;0007;0006;0006;0006;0
21:57:30:85;4095;4095;0044;0010;0009;0009;4095;4095;0040;0006;0005;0006;4095;0036;0008;0008;0007;0008;4095;0036;0006;0006;0006;0006;0
21:57:30:86;4095;4095;0043;0010;0009;0010;4095;4095;0041;0006;0006;0007;4095;0036;0008;0008;0007;0008;4095;0035;0007;0006;0006;0006;0
21:57:30:88;4095;4095;0043;0010;0010;0009;4095;4095;0040;0006;0005;0006;4095;0037;0008;0008;0008;0008;4095;0035;0007;0007;0006;0006;0
21:57:30:89;4095;4095;0043;0010;0009;0010;4095;4095;0041;0006;0006;0006;4095;0037;0008;0008;0008;0008;4095;0036;0007;0006;0007;0007;0
21:57:30:90;4095;4095;0043;0010;0010;0010;4095;4095;0040;0006;0006;0006;4095;0037;0007;0008;0008;0008;4095;0036;0007;0007;0007;0007;0
21:57:30:91;4095;4095;0043;0010;0009;0011;4095;4095;0041;0005;0006;0006;4095;0037;0008;0008;0007;0008;4095;0036;0006;0006;0006;0007;0
21:57:30:94;4095;4095;0043;0010;0009;0010;4095;4095;0040;0006;0006;0005;4095;0037;0008;0008;0008;0009;4095;0035;0007;0007;0007;0007;0
21:57:30:95;4095;4095;0044;0010;0009;0010;4095;4095;0040;0006;0006;0006;4095;0037;0008;0008;0008;0008;4095;0035;0007;0006;0007;0006;0
21:57:30:96;4095;4095;0043;0010;0009;0010;4095;4095;0040;0006;0006;0006;4095;0037;0008;0008;0007;0008;4095;0035;0006;0007;0007;0006;0
21:57:30:97;4095;4095;0043;0010;0009;0010;4095;4095;0040;0006;0006;0005;4095;0037;0008;0008;0007;0008;4095;0035;0007;0006;0007;0007;0
21:57:30:98;4095;4095;0044;0010;0010;0010;4095;4095;0041;0006;0006;0006;4095;0037;0008;0008;0008;0008;4095;0035;0006;0007;0006;0006;0
21:57:30:99;4095;4095;0043;0010;0009;0010;4095;4095;0040;0006;0006;0006;4095;0037;0008;0008;0008;0009;4095;0035;0007;0006;0006;0006;0
21:57:30:100;4095;4095;0043;0010;0010;0010;4095;4095;0040;0006;0006;0005;4095;0037;0008;0009;0007;0009;4095;0035;0007;0006;0007;0006;0
21:57:30:102;4095;4095;0043;0009;0009;0010;4095;4095;0040;0006;0005;0005;4095;0037;0008;0008;0007;0008;4095;0035;0007;0006;0006;0006;0
21:57:30:104;4095;4095;0043;0010;0009;0009;4095;4095;0040;0006;0006;0006;4095;0036;0008;0008;0008;0009;4095;0036;0006;0006;0007;0006;0
21:57:30:105;4095;4095;0043;0010;0009;0010;4095;4095;0040;0006;0006;0006;4095;0038;0008;0008;0008;0008;4095;0035;0007;0006;0007;0006;0
21:57:30:106;4095;4095;0043;0010;0009;0010;4095;4095;0040;0006;0006;0006;4095;0037;0008;0009;0007;0008;4095;0035;0007;0006;0006;0006;0
21:57:30:108;4095;4095;0043;0011;0009;0010;4095;4095;0040;0006;0005;0006;4095;0037;0008;0007;0007;0008;4095;0035;0007;0007;0006;0006;0
21:57:30:109;4095;4095;0043;0010;0009;0010;4095;4095;0040;0006;0006;0006;4095;0037;0008;0008;0008;0008;4095;0035;0007;0006;0006;0006;0
21:57:30:110;4095;4095;0044;0010;0009;0010;4095;4095;0040;0006;0005;0006;4095;0037;0009;0008;0007;0008;4095;0035;0006;0006;0007;0007;0
21:57:30:111;4095;4095;0043;0010;0009;0010;4095;4095;0040;0006;0006;0006;4095;0037;0008;0008;0007;0008;4095;0035;0007;0007;0006;0006;0
21:57:30:112;4095;4095;0044;0009;0010;0009;4095;4095;0040;0006;0006;0006;4095;0037;0008;0008;0007;0008;4095;0035;0007;0006;0007;0006;0
21:57:30:177;4095;4095;0043;0010;0009;0009;4095;4095;0040;0006;0006;0005;4095;0036;0008;0008;0007;0008;4095;0035;0007;0006;0006;0006;0
21:57:30:178;4095;4095;0044;0010;0010;0010;4095;4095;0040;0006;0005;0006;4095;0037;0007;0008;0008;0008;4095;0035;0007;0006;0007;0007;0
21:57:30:180;4095;4095;0043;0010;0009;0010;4095;4095;0040;0006;0006;0006;4095;0037;0008;0008;0007;0008;4095;0035;0007;0006;0006;0006;0
21:57:30:181;4095;4095;0043;0010;0009;0010;4095;4095;0040;0006;0006;0006;4095;0037;0008;0008;0008;0008;4095;0036;0007;0007;0006;0006;0
21:57:30:182;4095;4095;0043;0010;0009;0010;4095;4095;0040;0005;0005;0006;4095;0037;0008;0008;0007;0008;4095;0035;0007;0006;0007;0007;0
21:57:30:183;4095;4095;0043;0010;0009;0010;4095;4095;0040;0006;0006;0006;4095;0034;0008;0008;0007;0008;4095;0032;0007;0007;0006;0006;0
21:57:30:184;4095;4095;0043;0010;0010;0010;4095;4095;0040;0006;0006;0006;4095;0037;0008;0008;0008;0008;4095;0035;0006;0007;0006;0006;0
21:57:30:185;4095;4095;0043;0010;0010;0010;4095;4095;0040;0006;0006;0006;4095;0037;0008;0008;0008;0007;4095;0036;0007;0006;0007;0006;0
21:57:30:186;4095;4095;0043;0010;0009;0010;4095;4095;0040;0006;0006;0006;4095;0036;0008;0008;0007;0009;4095;0035;0006;0007;0007;0006;0
21:57:30:187;4095;4095;0044;0010;0009;0010;4095;4095;0040;0006;0006;0006;4095;0037;0008;0008;0008;0008;4095;0035;0007;0006;0006;0006;0
21:57:30:189;4095;4095;0044;0010;0009;0010;4095;4095;0041;0006;0006;0006;4095;0037;0008;0008;0007;0008;4095;0036;0006;0007;0007;0006;0
21:57:30:190;4095;4095;0044;0010;0009;0010;4095;4095;0040;0006;0006;0006;4095;0037;0008;0008;0008;0008;4095;0036;0007;0006;0006;0007;0
21:57:30:191;4095;4095;0044;0010;0010;0010;4095;4095;0040;0006;0006;0006;4095;0037;0008;0008;0008;0008;4095;0035;0007;0006;0007;0007;0
21:57:30:192;4095;4095;0043;0010;0009;0010;4095;4095;0040;0007;0005;0006;4095;0037;0008;0008;0007;0009;4095;0036;0006;0006;0006;0006;0
21:57:30:193;4095;4095;0044;0010;0009;0010;4095;4095;0040;0005;0005;0006;4095;0037;0008;0008;0008;0008;4095;0035;0006;0007;0006;0006;0
21:57:30:194;4095;4095;0044;0010;0009;0009;4095;4095;0040;0006;0006;0006;4095;0037;0008;0008;0008;0008;4095;0035;0007;0007;0006;0006;0
21:57:30:195;4095;4095;0043;0010;0010;0010;4095;4095;0040;0006;0006;0006;4095;0037;0008;0009;0008;0008;4095;0035;0006;0006;0007;0006;0
21:57:30:197;4095;4095;0044;0010;0009;0009;4095;4095;0040;0006;0006;0006;4095;0037;0008;0008;0008;0008;4095;0036;0006;0006;0006;0007;0
21:57:30:200;4095;4095;0043;0010;0009;0010;4095;4095;0040;0006;0006;0006;4095;0037;0008;0008;0007;0008;4095;0035;0007;0007;0006;0007;0
21:57:30:201;4095;4095;0043;0010;0008;0009;4095;4095;0040;0006;0006;0006;4095;0035;0008;0008;0007;0008;4095;0034;0007;0006;0006;0006;0
21:57:30:202;4095;4095;0043;0010;0009;0010;4095;4095;0040;0006;0006;0006;4095;0037;0008;0009;0007;0008;4095;0035;0007;0006;0006;0007;0
21:57:30:204;4095;4095;0043;0010;0009;0010;4095;4095;0040;0006;0006;0006;4095;0037;0008;0008;0008;0008;4095;0035;0006;0007;0007;0007;0
21:57:30:205;4095;4095;0043;0010;0009;0010;4095;4095;0040;0005;0006;0006;4095;0037;0008;0008;0007;0008;4095;0035;0007;0007;0006;0007;0
21:57:30:206;4095;4095;0043;0010;0009;0010;4095;4095;0041;0006;0005;0006;4095;0037;0008;0008;0007;0008;4095;0035;0007;0007;0006;0007;0
21:57:30:207;4095;4095;0044;0010;0009;0010;4095;4095;0040;0006;0006;0006;4095;0037;0008;0008;0007;0008;4095;0035;0007;0006;0006;0007;0
21:57:30:208;4095;4095;0044;0010;0009;0010;4095;4095;0041;0006;0005;0006;4095;0036;0008;0008;0007;0009;4095;0035;0007;0006;0007;0007;0
21:57:30:211;4095;4095;0043;0009;0009;0010;4095;4095;0040;0006;0006;0006;4095;0037;0008;0007;0008;0008;4095;0035;0007;0007;0006;0006;0
21:57:30:212;4095;4095;0043;0010;0009;0010;4095;4095;0040;0006;0005;0006;4095;0037;0008;0008;0007;0007;4095;0036;0006;0007;0006;0006;0
21:57:30:213;4095;4095;0044;0010;0010;0010;4095;4095;0040;0006;0006;0006;4095;0037;0008;0008;0007;0009;4095;0036;0007;0007;0007;0006;0
21:57:30:215;4095;4095;0044;0010;0009;0010;4095;4095;0040;0006;0006;0006;4095;0037;0008;0008;0008;0008;4095;0035;0007;0007;0006;0007;0
21:57:30:216;4095;4095;0043;0010;0009;0010;4095;4095;0040;0006;0005;0006;4095;0037;0008;0008;0008;0008;4095;0036;0007;0006;0007;0006;0
21:57:30:217;4095;4095;0043;0010;0009;0009;4095;4095;0040;0006;0006;0005;4095;0037;0008;0008;0008;0008;4095;0035;0007;0006;0006;0006;0
21:57:30:285;4095;4095;0043;0011;0009;0010;4095;4095;0041;0006;0006;0006;4095;0037;0009;0008;0008;0008;4095;0035;0007;0007;0007;0006;0
21:57:30:286;4095;4095;0043;0010;0009;0010;4095;4095;0040;0006;0006;0006;4095;0037;0008;0008;0008;0008;4095;0035;0006;0006;0006;0006;0
21:57:30:287;4095;4095;0043;0010;0010;0009;4095;4095;0040;0006;0005;0007;4095;0037;0008;0008;0007;0008;4095;0035;0006;0007;0006;0007;0
21:57:30:288;4095;4095;0043;0011;0010;0009;4095;4095;0040;0006;0006;0005;4095;0037;0008;0008;0008;0009;4095;0036;0007;0006;0007;0006;0
21:57:30:289;4095;4095;0043;0010;0009;0010;4095;4095;0040;0006;0006;0005;4095;0036;0008;0008;0008;0008;4095;0036;0006;0006;0006;0007;0
21:57:30:291;4095;4095;0043;0010;0009;0011;4095;4095;0041;0006;0005;0006;4095;0037;0008;0008;0008;0009;4095;0035;0007;0007;0006;0006;0
21:57:30:292;4095;4095;0044;0010;0009;0010;4095;4095;0041;0007;0006;0006;4095;0036;0008;0009;0007;0008;4095;0035;0007;0006;0006;0007;0
21:57:30:293;4095;4095;0043;0010;0009;0011;4095;4095;0040;0007;0005;0006;4095;0037;0008;0008;0008;0008;4095;0035;0007;0007;0007;0006;0
21:57:30:294;4095;4095;0042;0010;0009;0010;4095;4095;0040;0006;0006;0006;4095;0037;0008;0008;0008;0008;4095;0036;0007;0006;0006;0007;0
21:57:30:295;4095;4095;0043;0010;0009;0010;4095;4095;0040;0006;0006;0006;4095;0037;0008;0009;0008;0008;4095;0036;0007;0007;0006;0007;0
21:57:30:297;4095;4095;0044;0010;0009;0010;4095;4095;0040;0006;0005;0006;4095;0037;0008;0008;0008;0008;4095;0035;0007;0006;0007;0006;0
21:57:30:298;4095;4095;0043;0010;0009;0010;4095;4095;0040;0006;0006;0006;4095;0037;0008;0008;0008;0008;4095;0035;0007;0006;0007;0006;0
21:57:30:299;4095;4095;0043;0010;0009;0009;4095;4095;0040;0006;0006;0006;4095;0037;0008;0008;0008;0008;4095;0036;0007;0006;0006;0006;0
21:57:30:300;4095;4095;0044;0010;0009;0010;4095;4095;0040;0006;0006;0006;4095;0037;0008;0008;0007;0008;4095;0035;0007;0007;0006;0007;0
21:57:30:301;4095;4095;0043;0011;0009;0010;4095;4095;0040;0006;0006;0005;4095;0037;0008;0008;0007;0008;4095;0035;0006;0007;0006;0007;0
21:57:30:302;4095;4095;0043;0010;0009;0010;4095;4095;0040;0006;0006;0006;4095;0037;0008;0008;0008;0008;4095;0035;0006;0007;0007;0006;0
21:57:30:303;4095;4095;0043;0010;0009;0010;4095;4095;0040;0006;0005;0006;4095;0037;0008;0008;0008;0008;4095;0036;0007;0006;0006;0007;0
21:57:30:304;4095;4095;0043;0010;0009;0010;4095;4095;0040;0006;0006;0006;4095;0037;0007;0008;0007;0008;4095;0035;0007;0006;0006;0007;0
21:57:30:308;4095;4095;0044;0010;0009;0010;4095;4095;0040;0006;0005;0006;4095;0037;0007;0008;0008;0008;4095;0035;0007;0007;0007;0006;0
21:57:30:309;4095;4095;0044;0010;0010;0010;4095;4095;0041;0005;0006;0006;4095;0037;0008;0008;0007;0008;4095;0035;0007;0007;0007;0006;0
21:57:30:309;4095;4095;0043;0010;0009;0010;4095;4095;0040;0006;0006;0006;4095;0037;0008;0008;0008;0007;4095;0035;0007;0006;0007;0006;0
21:57:30:311;4095;4095;0043;0010;0009;0010;4095;4095;0041;0006;0006;0006;4095;0037;0008;0008;0008;0009;4095;0035;0007;0006;0006;0006;0
21:57:30:311;4095;4095;0043;0010;0009;0010;4095;4095;0040;0006;0005;0006;4095;0037;0008;0008;0008;0008;4095;0035;0006;0007;0006;0007;0
21:57:30:313;4095;4095;0043;0010;0009;0010;4095;4095;0040;0006;0005;0006;4095;0037;0008;0008;0008;0007;4095;0035;0007;0007;0007;0006;0
21:57:30:313;4095;4095;0043;0009;0010;0010;4095;4095;0040;0006;0005;0006;4095;0037;0008;0008;0007;0007;4095;0036;0006;0007;0006;0007;0
21:57:30:315;4095;4095;0043;0009;0010;0010;4095;4095;0040;0005;0007;0006;4095;0037;0007;0008;0007;0008;4095;0035;0007;0006;0006;0007;0
21:57:30:317;4095;4095;0043;0010;0009;0010;4095;4095;0040;0006;0006;0006;4095;0037;0008;0007;0007;0008;4095;0035;0007;0006;0007;0007;0
21:57:30:318;4095;4095;0043;0010;0010;0009;4095;4095;0040;0006;0006;0006;4095;0036;0008;0008;0008;0008;4095;0035;0007;0006;0007;0006;0
21:57:30:320;4095;4095;0043;0010;0009;0009;4095;4095;0040;0006;0006;0006;4095;0037;0008;0008;0008;0008;4095;0035;0007;0007;0007;0007;0
21:57:30:321;4095;4095;0043;0010;0010;0010;4095;4095;0041;0006;0006;0006;4095;0037;0008;0008;0008;0008;4095;0035;0007;0007;0006;0006;0
21:57:30:322;4095;4095;0043;0010;0009;0010;4095;4095;0041;0006;0006;0006;4095;0037;0008;0008;0008;0008;4095;0036;0007;0006;0006;0007;0
21:57:30:323;4095;4095;0043;0010;0009;0010;4095;4095;0040;0007;0006;0005;4095;0037;0008;0008;0008;0008;4095;0035;0007;0007;0006;0006;0
21:57:30:324;4095;4095;0043;0010;0009;0010;4095;4095;0040;0006;0006;0006;4095;0037;0008;0008;0008;0008;4095;0036;0007;0006;0006;0007;0
21:57:30:391;4095;4095;0043;0010;0010;0010;4095;4095;0040;0006;0006;0006;4095;0037;0008;0007;0008;0008;4095;0035;0007;0006;0006;0006;0
21:57:30:392;4095;4095;0043;0010;0009;0009;4095;4095;0040;0006;0005;0006;4095;0036;0008;0008;0008;0008;4095;0036;0007;0006;0006;0006;0
21:57:30:393;4095;4095;0043;0010;0009;0011;4095;4095;0041;0006;0006;0007;4095;0037;0008;0008;0008;0008;4095;0035;0007;0006;0006;0007;0
21:57:30:394;4095;4095;0044;0010;0009;0010;4095;4095;0040;0006;0006;0006;4095;0037;0008;0008;0008;0008;4095;0035;0007;0007;0006;0006;0
21:57:30:395;4095;4095;0043;0010;0009;0010;4095;4095;0040;0006;0006;0006;4095;0037;0008;0008;0007;0008;4095;0035;0007;0006;0006;0006;0
21:57:30:396;4095;4095;0043;0010;0009;0010;4095;4095;0041;0006;0006;0006;4095;0037;0008;0008;0008;0008;4095;0035;0007;0006;0006;0006;0
21:57:30:397;4095;4095;0043;0009;0010;0010;4095;4095;0040;0006;0006;0006;4095;0037;0009;0008;0008;0008;4095;0035;0007;0006;0006;0006;0
21:57:30:398;4095;4095;0043;0010;0009;0010;4095;4095;0040;0006;0006;0006;4095;0037;0008;0008;0008;0008;4095;0035;0007;0007;0006;0006;0
21:57:30:399;4095;4095;0043;0010;0009;0009;4095;4095;0040;0006;0006;0005;4095;0036;0008;0008;0007;0008;4095;0035;0007;0007;0007;0007;0
21:57:30:400;4095;4095;0043;0010;0009;0010;4095;4095;0040;0006;0006;0005;4095;0037;0008;0008;0008;0008;4095;0035;0007;0006;0006;0006;0
21:57:30:401;4095;4095;0043;0010;0009;0010;4095;4095;0040;0006;0006;0006;4095;0037;0008;0008;0007;0008;4095;0035;0007;0006;0006;0006;0
21:57:30:403;4095;4095;0043;0010;0009;0010;4095;4095;0040;0006;0006;0006;4095;0037;0008;0007;0008;0008;4095;0035;0007;0006;0007;0007;0
21:57:30:404;4095;4095;0043;0011;0010;0010;4095;4095;0040;0006;0006;0005;4095;0037;0008;0009;0008;0008;4095;0035;0007;0007;0007;0006;0
21:57:30:405;4095;4095;0043;0010;0009;0010;4095;4095;0041;0006;0005;0006;4095;0037;0008;0008;0008;0008;4095;0035;0007;0006;0007;0006;0
21:57:30:406;4095;4095;0044;0009;0009;0010;4095;4095;0040;0006;0006;0006;4095;0037;0008;0008;0008;0008;4095;0036;0007;0007;0007;0006;0
21:57:30:407;4095;4095;0043;0010;0009;0010;4095;4095;0040;0006;0006;0006;4095;0037;0009;0008;0008;0009;4095;0035;0007;0006;0006;0006;0
21:57:30:409;4095;4095;0044;0010;0009;0010;4095;4095;0040;0006;0005;0006;4095;0036;0008;0008;0008;0008;4095;0035;0006;0007;0007;0006;0
21:57:30:410;4095;4095;0043;0010;0010;0010;4095;4095;0040;0006;0006;0006;4095;0037;0008;0008;0008;0009;4095;0036;0007;0007;0006;0006;0
21:57:30:411;4095;4095;0043;0010;0009;0010;4095;4095;0040;0006;0005;0006;4095;0037;0008;0008;0007;0008;4095;0035;0007;0006;0006;0007;0
21:57:30:414;4095;4095;0043;0010;0009;0009;4095;4095;0040;0006;0006;0006;4095;0037;0008;0008;0008;0008;4095;0035;0007;0007;0006;0006;0
21:57:30:415;4095;4095;0043;0010;0010;0010;4095;4095;0040;0006;0006;0006;4095;0037;0007;0008;0008;0009;4095;0035;0007;0006;0006;0007;0
21:57:30:415;4095;4095;0043;0009;0009;0010;4095;4095;0040;0006;0006;0005;4095;0037;0008;0008;0008;0009;4095;0035;0006;0006;0006;0006;0
21:57:30:417;4095;4095;0043;0010;0009;0010;4095;4095;0041;0006;0006;0006;4095;0037;0008;0008;0007;0008;4095;0036;0007;0006;0007;0007;0
21:57:30:418;4095;4095;0044;0010;0010;0010;4095;4095;0041;0006;0006;0006;4095;0037;0008;0008;0008;0009;4095;0035;0007;0007;0006;0007;0
21:57:30:419;4095;4095;0043;0010;0010;0010;4095;4095;0040;0005;0006;0006;4095;0037;0008;0008;0008;0008;4095;0035;0007;0006;0007;0007;0
21:57:30:420;4095;4095;0043;0010;0009;0010;4095;4095;0040;0006;0006;0006;4095;0036;0008;0009;0008;0008;4095;0035;0007;0006;0006;0007;0
21:57:30:422;4095;4095;0044;0010;0009;0010;4095;4095;0041;0006;0006;0006;4095;0037;0008;0008;0007;0008;4095;0035;0007;0006;0006;0006;0
21:57:30:425;4095;4095;0044;0010;0009;0010;4095;4095;0040;0006;0006;0006;4095;0037;0008;0008;0008;0008;4095;0035;0007;0006;0006;0007;0
21:57:30:426;4095;4095;0043;0009;0010;0009;4095;4095;0040;0006;0005;0006;4095;0037;0008;0008;0008;0008;4095;0035;0007;0007;0007;0007;0
21:57:30:427;4095;4095;0043;0010;0009;0010;4095;4095;0040;0006;0005;0006;4095;0036;0008;0008;0008;0008;4095;0035;0007;0006;0007;0007;0
21:57:30:429;4095;4095;0043;0010;0008;0010;4095;4095;0040;0006;0006;0006;4095;0037;0008;0008;0007;0008;4095;0035;0006;0006;0007;0006;0
21:57:30:430;4095;4095;0043;0010;0010;0010;4095;4095;0040;0006;0006;0006;4095;0037;0008;0008;0007;0008;4095;0035;0007;0006;0007;0007;0
21:57:30:498;4095;4095;0044;0010;0010;0010;4095;4095;0040;0006;0006;0006;4095;0037;0008;0008;0008;0008;4095;0035;0007;0007;0007;0007;0
21:57:30:499;4095;4095;0044;0010;0010;0009;4095;4095;0041;0006;0006;0006;4095;0037;0008;0008;0007;0008;4095;0036;0007;0006;0006;0007;0
21:57:30:501;4095;4095;0043;0010;0009;0009;4095;4095;0040;0006;0006;0006;4095;0037;0008;0008;0007;0007;4095;0035;0007;0007;0007;0006;0
21:57:30:503;4095;4095;0043;0010;0009;0011;4095;4095;0040;0006;0006;0006;4095;0036;0008;0008;0008;0008;4095;0035;0007;0006;0006;0007;0
21:57:30:505;4095;4095;0043;0010;0009;0010;4095;4095;0040;0006;0005;0006;4095;0036;0008;0008;0007;0008;4095;0035;0007;0007;0006;0007;0
21:57:30:506;4095;4095;0043;0010;0009;0010;4095;4095;0040;0006;0005;0006;4095;0036;0008;0008;0008;0008;4095;0036;0006;0006;0007;0006;0
21:57:30:508;4095;4095;0044;0010;0009;0010;4095;4095;0040;0006;0006;0006;4095;0037;0007;0008;0008;0008;4095;0035;0006;0006;0006;0007;0
21:57:30:510;4095;4095;0043;0010;0010;0010;4095;4095;0040;0006;0006;0006;4095;0037;0008;0008;0008;0008;4095;0035;0006;0007;0006;0007;0
21:57:30:511;4095;4095;0043;0010;0009;0010;4095;4095;0040;0006;0006;0006;4095;0037;0008;0008;0007;0008;4095;0035;0007;0007;0006;0006;0
21:57:30:513;4095;4095;0043;0010;0009;0010;4095;4095;0040;0006;0005;0006;4095;0037;0008;0008;0008;0008;4095;0035;0007;0007;0007;0006;0
21:57:30:514;4095;4095;0043;0010;0009;0010;4095;4095;0040;0006;0006;0006;4095;0037;0008;0008;0007;0008;4095;0035;0007;0006;0006;0007;0
21:57:30:515;4095;4095;0044;0010;0009;0009;4095;4095;0040;0006;0005;0006;4095;0037;0008;0008;0008;0008;4095;0036;0007;0007;0006;0007;0
21:57:30:516;4095;4095;0043;0010;0009;0010;4095;4095;0041;0006;0005;0006;4095;0036;0007;0008;0007;0008;4095;0035;0007;0006;0007;0006;0
21:57:30:517;4095;4095;0044;0010;0009;0010;4095;4095;0040;0006;0006;0005;4095;0037;0008;0008;0007;0008;4095;0035;0007;0007;0007;0006;0
21:57:30:519;4095;4095;0044;0010;0009;0010;4095;4095;0041;0006;0006;0006;4095;0037;0008;0008;0007;0008;4095;0035;0007;0006;0007;0006;0
21:57:30:521;4095;4095;0043;0010;0009;0010;4095;4095;0041;0006;0006;0006;4095;0037;0008;0008;0008;0008;4095;0035;0007;0007;0007;0006;0
21:57:30:522;4095;4095;0043;0009;0009;0010;4095;4095;0041;0006;0006;0006;4095;0037;0008;0008;0008;0008;4095;0035;0006;0007;0007;0007;0
21:57:30:523;4095;4095;0043;0010;0009;0010;4095;4095;0040;0006;0006;0006;4095;0037;0008;0008;0008;0008;4095;0035;0007;0006;0006;0007;0
21:57:30:524;4095;4095;0044;0010;0009;0010;4095;4095;0040;0006;0006;0006;4095;0036;0008;0008;0008;0008;4095;0035;0007;0007;0006;0006;0
21:57:30:525;4095;4095;0043;0010;0009;0010;4095;4095;0040;0006;0005;0006;4095;0037;0008;0008;0008;0008;4095;0036;0007;0007;0006;0007;0
21:57:30:526;4095;4095;0044;0010;0010;0010;4095;4095;0040;0006;0006;0006;4095;0037;0008;0009;0008;0008;4095;0034;0007;0006;0006;0007;0
21:57:30:527;4095;4095;0044;0010;0009;0010;4095;4095;0041;0006;0006;0006;4095;0037;0008;0008;0008;0008;4095;0035;0007;0006;0007;0006;0
21:57:30:528;4095;4095;0043;0010;0010;0009;4095;4095;0040;0006;0006;0006;4095;0037;0008;0009;0008;0008;4095;0035;0007;0007;0007;0007;0
21:57:30:529;4095;4095;0043;0010;0010;0009;4095;4095;0040;0006;0005;0006;4095;0037;0008;0008;0007;0008;4095;0035;0006;0007;0006;0006;0
21:57:30:531;4095;4095;0044;0010;0009;0010;4095;4095;0040;0005;0006;0006;4095;0037;0008;0008;0008;0008;4095;0036;0007;0006;0007;0006;0
21:57:30:532;4095;4095;0044;0011;0009;0010;4095;4095;0040;0006;0006;0006;4095;0037;0008;0008;0008;0008;4095;0036;0006;0006;0007;0007;0
21:57:30:533;4095;4095;0043;0010;0009;0010;4095;4095;0041;0006;0006;0006;4095;0037;0007;0008;0008;0008;4095;0035;0007;0006;0006;0006;0
21:57:30:534;4095;4095;0043;0010;0009;0010;4095;4095;0041;0006;0006;0006;4095;0037;0008;0008;0007;0007;4095;0035;0007;0007;0006;0006;0
21:57:30:535;4095;4095;0043;0010;0009;0009;4095;4095;0040;0005;0006;0005;4095;0037;0008;0008;0007;0009;4095;0035;0007;0006;0006;0006;0
21:57:30:536;4095;4095;0044;0010;0010;0010;4095;4095;0040;0006;0005;0006;4095;0037;0008;0008;0008;0008;4095;0035;0007;0007;0006;0007;0
21:57:30:537;4095;4095;0043;0010;0009;0010;4095;4095;0040;0006;0006;0006;4095;0037;0008;0007;0008;0008;4095;0036;0007;0007;0007;0006;0
21:57:30:538;4095;4095;0043;0010;0009;0010;4095;4095;0040;0006;0005;0006;4095;0037;0008;0008;0007;0008;4095;0035;0007;0006;0006;0006;0
21:57:30:539;4095;4095;0044;0010;0009;0010;4095;4095;0040;0007;0006;0006;4095;0037;0008;0008;0007;0008;4095;0035;0007;0007;0006;0007;0
21:57:30:604;4095;4095;0043;0010;0009;0010;4095;4095;0040;0006;0006;0005;4095;0037;0008;0008;0007;0009;4095;0036;0007;0007;0006;0007;0
21:57:30:605;4095;4095;0044;0010;0009;0009;4095;4095;0040;0006;0006;0006;4095;0037;0008;0008;0008;0008;4095;0035;0007;0006;0006;0007;0
21:57:30:607;4095;4095;0043;0009;0009;0010;4095;4095;0040;0006;0006;0005;4095;0037;0009;0008;0008;0008;4095;0035;0007;0006;0006;0006;0
21:57:30:608;4095;4095;0043;0010;0009;0010;4095;4095;0040;0006;0006;0006;4095;0037;0008;0008;0008;0008;4095;0035;0006;0006;0006;0007;0
21:57:30:609;4095;4095;0043;0010;0009;0010;4095;4095;0040;0007;0006;0006;4095;0037;0008;0008;0008;0008;4095;0036;0007;0007;0006;0007;0
21:57:30:610;4095;4095;0043;0011;0009;0010;4095;4095;0040;0006;0005;0006;4095;0037;0008;0008;0007;0008;4095;0035;0007;0006;0006;0007;0
21:57:30:611;4095;4095;0043;0010;0009;0009;4095;4095;0040;0006;0005;0006;4095;0037;0008;0008;0008;0008;4095;0035;0007;0007;0007;0006;0
21:57:30:612;4095;4095;0043;0010;0010;0010;4095;4095;0040;0006;0006;0006;4095;0036;0008;0008;0008;0007;4095;0035;0007;0006;0007;0006;0
21:57:30:613;4095;4095;0043;0010;0009;0010;4095;4095;0040;0006;0005;0006;4095;0037;0008;0007;0007;0008;4095;0035;0007;0007;0007;0006;0
21:57:30:616;4095;4095;0043;0010;0009;0010;4095;4095;0040;0006;0006;0006;4095;0037;0008;0008;0007;0008;4095;0035;0007;0007;0007;0007;0
21:57:30:617;4095;4095;0044;0011;0009;0010;4095;4095;0040;0006;0005;0006;4095;0037;0008;0008;0008;0008;4095;0036;0007;0007;0007;0006;0
21:57:30:618;4095;4095;0043;0010;0009;0010;4095;4095;0041;0006;0005;0006;4095;0037;0008;0008;0008;0008;4095;0035;0006;0006;0007;0007;0
21:57:30:619;4095;4095;0043;0010;0009;0010;4095;4095;0040;0006;0005;0005;4095;0037;0008;0008;0008;0008;4095;0035;0007;0006;0006;0006;0
21:57:30:620;4095;4095;0043;0010;0010;0010;4095;4095;0040;0006;0006;0006;4095;0037;0008;0008;0007;0007;4095;0035;0007;0007;0006;0006;0
21:57:30:621;4095;4095;0043;0010;0009;0009;4095;4095;0041;0006;0006;0006;4095;0037;0008;0008;0008;0009;4095;0036;0006;0006;0007;0007;0
21:57:30:622;4095;4095;0043;0010;0009;0010;4095;4095;0041;0006;0006;0006;4095;0037;0008;0009;0008;0009;4095;0035;0007;0006;0007;0006;0
21:57:30:623;4095;4095;0043;0010;0009;0010;4095;4095;0040;0006;0005;0006;4095;0037;0007;0007;0007;0008;4095;0036;0007;0007;0006;0006;0
21:57:30:625;4095;4095;0043;0010;0009;0010;4095;4095;0040;0006;0006;0006;4095;0037;0008;0008;0008;0008;4095;0035;0007;0007;0007;0007;0
21:57:30:627;4095;4095;0044;0010;0009;0010;4095;4095;0040;0006;0005;0006;4095;0037;0008;0008;0007;0008;4095;0035;0006;0006;0006;0006;0
21:57:30:628;4095;4095;0044;0010;0009;0010;4095;4095;0040;0006;0005;0006;4095;0037;0008;0008;0008;0008;4095;0035;0007;0006;0007;0006;0
21:57:30:629;4095;4095;0043;0010;0010;0010;4095;4095;0040;0006;0006;0006;4095;0037;0008;0008;0007;0008;4095;0035;0007;0007;0006;0007;0
21:57:30:630;4095;4095;0044;0010;0009;0010;4095;4095;0040;0006;0006;0006;4095;0036;0008;0008;0007;0008;4095;0035;0007;0006;0006;0007;0
21:57:30:631;4095;4095;0043;0010;0009;0010;4095;4095;0040;0006;0006;0006;4095;0037;0009;0008;0008;0008;4095;0036;0007;0006;0006;0006;0
21:57:30:632;4095;4095;0043;0011;0009;0009;4095;4095;0040;0006;0005;0006;4095;0037;0008;0008;0008;0008;4095;0035;0007;0006;0006;0007;0
21:57:30:633;4095;4095;0043;0009;0010;0010;4095;4095;0040;0006;0006;0006;4095;0036;0008;0008;0008;0008;4095;0035;0007;0006;0006;0006;0
21:57:30:634;4095;4095;0043;0010;0009;0010;4095;4095;0040;0006;0005;0006;4095;0036;0008;0008;0008;0009;4095;0036;0007;0007;0006;0006;0
21:57:30:635;4095;4095;0043;0010;0009;0010;4095;4095;0040;0006;0006;0006;4095;0037;0008;0008;0008;0008;4095;0035;0007;0007;0007;0007;0
21:57:30:637;4095;4095;0043;0010;0009;0010;4095;4095;0040;0006;0006;0006;4095;0037;0007;0008;0007;0008;4095;0035;0007;0007;0006;0006;0
21:57:30:639;4095;4095;0043;0010;0009;0009;4095;4095;0040;0005;0006;0005;4095;0036;0008;0008;0008;0008;4095;0036;0007;0006;0007;0007;0
21:57:30:640;4095;4095;0044;0009;0009;0010;4095;4095;0040;0006;0005;0006;4095;0036;0008;0008;0008;0008;4095;0035;0007;0006;0007;0007;0
21:57:30:641;4095;4095;0044;0010;0010;0010;4095;4095;0040;0006;0006;0006;4095;0037;0008;0008;0007;0008;4095;0035;0007;0007;0006;0006;0
21:57:30:642;4095;4095;0043;0010;0009;0010;4095;4095;0040;0006;0006;0006;4095;0036;0008;0008;0008;0009;4095;0035;0007;0006;0006;0007;0
21:57:30:712;4095;4095;0043;0010;0009;0010;4095;4095;0040;0006;0005;0006;4095;0037;0008;0008;0008;0009;4095;0035;0007;0006;0007;0007;0
21:57:30:713;4095;4095;0044;0010;0009;0010;4095;4095;0040;0006;0006;0006;4095;0037;0008;0008;0008;0008;4095;0035;0007;0006;0007;0007;0
21:57:30:714;4095;4095;0043;0010;0009;0010;4095;4095;0040;0006;0005;0006;4095;0037;0008;0008;0008;0008;4095;0035;0006;0006;0006;0007;0
21:57:30:715;4095;4095;0043;0010;0009;0010;4095;4095;0040;0006;0006;0006;4095;0037;0007;0008;0007;0008;4095;0035;0007;0006;0006;0006;0
21:57:30:716;4095;4095;0044;0011;0009;0010;4095;4095;0040;0006;0006;0006;4095;0037;0008;0008;0008;0008;4095;0035;0007;0007;0007;0006;0
21:57:30:717;4095;4095;0043;0010;0009;0010;4095;4095;0040;0006;0006;0006;4095;0037;0009;0008;0008;0008;4095;0035;0007;0007;0007;0006;0
21:57:30:718;4095;4095;0044;0010;0009;0011;4095;4095;0041;0006;0006;0006;4095;0037;0007;0009;0008;0008;4095;0036;0007;0006;0006;0006;0
21:57:30:719;4095;4095;0043;0010;0009;0010;4095;4095;0040;0006;0005;0006;4095;0037;0009;0008;0008;0008;4095;0036;0006;0007;0007;0006;0
21:57:30:720;4095;4095;0044;0010;0009;0010;4095;4095;0041;0006;0006;0006;4095;0037;0008;0008;0007;0008;4095;0035;0007;0007;0006;0006;0
21:57:30:721;4095;4095;0043;0009;0009;0010;4095;4095;0040;0006;0005;0006;4095;0037;0008;0008;0008;0008;4095;0035;0007;0007;0007;0006;0
21:57:30:722;4095;4095;0043;0010;0010;0010;4095;4095;0040;0006;0006;0006;4095;0037;0008;0008;0007;0008;4095;0035;0007;0006;0007;0007;0
21:57:30:725;4095;4095;0044;0010;0009;0010;4095;4095;0040;0006;0006;0006;4095;0037;0008;0009;0007;0008;4095;0035;0007;0007;0006;0006;0
21:57:30:726;4095;4095;0043;0010;0010;0009;4095;4095;0040;0006;0006;0006;4095;0037;0008;0008;0008;0008;4095;0035;0006;0006;0006;0006;0
21:57:30:727;4095;4095;0044;0010;0009;0010;4095;4095;0040;0006;0006;0006;4095;0037;0008;0008;0007;0008;4095;0035;0006;0007;0006;0006;0
21:57:30:728;4095;4095;0043;0010;0009;0010;4095;4095;0041;0006;0006;0006;4095;0037;0009;0008;0008;0009;4095;0035;0007;0006;0006;0007;0
21:57:30:729;4095;4095;0043;0010;0009;0009;4095;4095;0040;0006;0006;0006;4095;0036;0008;0008;0008;0008;4095;0035;0007;0007;0007;0006;0
21:57:30:730;4095;4095;0044;0011;0009;0010;4095;4095;0040;0006;0006;0006;4095;0037;0008;0008;0008;0008;4095;0035;0007;0006;0007;0006;0
21:57:30:731;4095;4095;0043;0010;0010;0010;4095;4095;0040;0006;0006;0006;4095;0036;0008;0009;0007;0008;4095;0035;0007;0007;0007;0007;0
21:57:30:732;4095;4095;0044;0010;0009;0010;4095;4095;0040;0006;0006;0006;4095;0037;0008;0008;0008;0008;4095;0036;0006;0006;0006;0006;0
21:57:30:733;4095;4095;0043;0010;0010;0009;4095;4095;0040;0006;0006;0006;4095;0037;0008;0008;0007;0008;4095;0035;0006;0006;0007;0007;0
21:57:30:736;4095;4095;0043;0010;0009;0010;4095;4095;0040;0006;0006;0006;4095;0036;0007;0008;0008;0008;4095;0035;0006;0007;0006;0007;0
21:57:30:737;4095;4095;0044;0010;0009;0010;4095;4095;0041;0006;0006;0006;4095;0037;0008;0008;0008;0008;4095;0035;0007;0006;0006;0007;0
21:57:30:738;4095;4095;0043;0010;0009;0010;4095;4095;0040;0006;0006;0006;4095;0037;0008;0008;0008;0008;4095;0035;0007;0006;0007;0007;0
21:57:30:740;4095;4095;0043;0010;0009;0010;4095;4095;0040;0006;0006;0006;4095;0037;0008;0008;0008;0009;4095;0035;0007;0006;0007;0007;0
21:57:30:741;4095;4095;0044;0011;0009;0010;4095;4095;0040;0006;0006;0006;4095;0037;0008;0008;0008;0008;4095;0036;0007;0006;0006;0006;0
21:57:30:742;4095;4095;0044;0010;0009;0010;4095;4095;0041;0006;0005;0006;4095;0036;0008;0007;0007;0007;4095;0035;0007;0007;0006;0006;0
21:57:30:743;4095;4095;0044;0010;0009;0010;4095;4095;0041;0006;0005;0006;4095;0037;0008;0008;0008;0008;4095;0035;0006;0007;0007;0006;0
21:57:30:745;4095;4095;0043;0010;0009;0009;4095;4095;0040;0006;0006;0006;4095;0037;0008;0009;0008;0008;4095;0035;0007;0007;0006;0007;0
21:57:30:747;4095;4095;0044;0010;0009;0009;4095;4095;0040;0006;0006;0006;4095;0037;0009;0008;0008;0008;4095;0036;0007;0006;0007;0006;0
21:57:30:748;4095;4095;0043;0010;0009;0010;4095;4095;0040;0006;0006;0006;4095;0037;0008;0008;0007;0008;4095;0035;0007;0007;0006;0007;0
21:57:30:749;4095;4095;0043;0010;0010;0010;4095;4095;0040;0006;0006;0005;4095;0037;0008;0008;0008;0008;4095;0035;0007;0006;0006;0006;0
21:57:30:750;4095;4095;0043;0010;0009;0010;4095;4095;0040;0005;0006;0006;4095;0037;0008;0008;0008;0008;4095;0035;0007;0006;0007;0007;0
21:57:30:751;4095;4095;0043;0010;0009;0010;4095;4095;0040;0006;0006;0006;4095;0037;0008;0008;0008;0008;4095;0035;0007;0006;0006;0006;0
21:57:30:818;4095;4095;0043;0010;0009;0010;4095;4095;0040;0006;0006;0006;4095;0036;0007;0008;0008;0008;4095;0036;0007;0006;0006;0007;0
21:57:30:819;4095;4095;0043;0010;0009;0011;4095;4095;0040;0006;0006;0006;4095;0037;0008;0008;0008;0008;4095;0035;0007;0006;0007;0007;0
21:57:30:821;4095;4095;0043;0010;0009;0009;4095;4095;0040;0006;0006;0006;4095;0037;0008;0009;0008;0008;4095;0035;0007;0006;0006;0007;0
21:57:30:822;4095;4095;0043;0010;0009;0010;4095;4095;0040;0006;0006;0006;4095;0037;0008;0008;0007;0008;4095;0035;0007;0006;0007;0007;0
21:57:30:823;4095;4095;0043;0010;0010;0010;4095;4095;0040;0006;0006;0006;4095;0037;0008;0008;0008;0008;4095;0036;0007;0006;0007;0006;0
21:57:30:824;4095;4095;0043;0010;0009;0010;4095;4095;0040;0007;0006;0006;4095;0037;0008;0008;0007;0008;4095;0036;0007;0006;0007;0007;0
21:57:30:825;4095;4095;0043;0011;0009;0010;4095;4095;0040;0006;0006;0006;4095;0037;0008;0008;0008;0008;4095;0035;0006;0007;0007;0007;0
21:57:30:826;4095;4095;0043;0010;0009;0009;4095;4095;0040;0006;0006;0006;4095;0036;0008;0008;0007;0008;4095;0035;0007;0007;0007;0006;0
21:57:30:827;4095;4095;0044;0010;0009;0010;4095;4095;0040;0006;0006;0005;4095;0037;0008;0009;0008;0008;4095;0036;0007;0006;0007;0006;0
21:57:30:828;4095;4095;0044;0010;0009;0010;4095;4095;0040;0006;0006;0006;4095;0037;0008;0008;0008;0008;4095;0035;0006;0006;0006;0007;0
21:57:30:830;4095;4095;0044;0010;0009;0010;4095;4095;0040;0006;0006;0006;4095;0037;0008;0008;0008;0007;4095;0036;0006;0006;0006;0006;0
21:57:30:831;4095;4095;0043;0011;0009;0009;4095;4095;0040;0006;0006;0006;4095;0037;0008;0008;0007;0009;4095;0035;0007;0006;0007;0006;0
21:57:30:832;4095;4095;0043;0010;0009;0010;4095;4095;0040;0006;0005;0006;4095;0037;0008;0008;0007;0008;4095;0036;0007;0007;0006;0007;0
21:57:30:833;4095;4095;0043;0010;0010;0009;4095;4095;0041;0006;0006;0006;4095;0037;0007;0008;0008;0008;4095;0036;0007;0007;0007;0007;0
21:57:30:835;4095;4095;0044;0010;0009;0010;4095;4095;0041;0006;0006;0006;4095;0034;0008;0008;0008;0008;4095;0032;0007;0007;0007;0007;0
21:57:30:836;4095;4095;0044;0010;0008;0010;4095;4095;0040;0006;0006;0006;4095;0037;0008;0008;0008;0008;4095;0035;0007;0007;0007;0006;0
21:57:30:838;4095;4095;0043;0010;0008;0009;4095;4095;0041;0006;0006;0006;4095;0037;0009;0009;0008;0008;4095;0036;0007;0006;0007;0006;0
21:57:30:840;4095;4095;0043;0010;0009;0010;4095;4095;0040;0006;0005;0006;4095;0037;0008;0008;0008;0008;4095;0035;0007;0007;0007;0006;0
21:57:30:842;4095;4095;0043;0010;0009;0011;4095;4095;0040;0006;0005;0007;4095;0037;0008;0008;0007;0008;4095;0035;0007;0007;0007;0007;0
21:57:30:843;4095;4095;0043;0010;0010;0011;4095;4095;0040;0006;0006;0006;4095;0037;0008;0009;0007;0008;4095;0035;0006;0007;0007;0007;0
21:57:30:845;4095;4095;0044;0011;0010;0010;4095;4095;0040;0006;0005;0005;4095;0037;0008;0008;0008;0008;4095;0035;0006;0006;0007;0006;0
21:57:30:846;4095;4095;0043;0010;0010;0009;4095;4095;0040;0006;0005;0006;4095;0037;0008;0008;0007;0008;4095;0035;0007;0006;0007;0006;0
21:57:30:847;4095;4095;0043;0009;0009;0010;4095;4095;0040;0006;0006;0006;4095;0037;0008;0008;0007;0008;4095;0035;0007;0007;0006;0007;0
21:57:30:848;4095;4095;0043;0010;0009;0009;4095;4095;0040;0006;0006;0005;4095;0037;0008;0008;0007;0008;4095;0035;0007;0007;0007;0007;0
21:57:30:850;4095;4095;0043;0010;0009;0010;4095;4095;0040;0006;0006;0006;4095;0037;0009;0008;0008;0008;4095;0035;0006;0006;0006;0007;0
21:57:30:852;4095;4095;0044;0010;0009;0009;4095;4095;0040;0006;0006;0006;4095;0037;0008;0009;0008;0008;4095;0036;0007;0006;0006;0006;0
21:57:30:853;4095;4095;0043;0010;0009;0010;4095;4095;0040;0006;0006;0006;4095;0037;0008;0008;0008;0009;4095;0035;0007;0006;0006;0006;0
21:57:30:854;4095;4095;0043;0010;0009;0010;4095;4095;0040;0006;0006;0006;4095;0037;0008;0008;0008;0008;4095;0035;0007;0007;0006;0006;0
21:57:30:855;4095;4095;0043;0010;0010;0009;4095;4095;0040;0006;0006;0005;4095;0037;0008;0008;0008;0008;4095;0035;0006;0006;0006;0006;0
21:57:30:856;4095;4095;0043;0010;0009;0010;4095;4095;0040;0007;0006;0005;4095;0037;0007;0008;0007;0009;4095;0036;0007;0007;0006;0006;0
21:57:30:858;4095;4095;0044;0010;0009;0010;4095;4095;0041;0007;0006;0006;4095;0037;0008;0008;0008;0009;4095;0035;0007;0007;0006;0006;0
21:57:30:861;4095;4095;0043;0010;0009;0010;4095;4095;0040;0006;0005;0006;4095;0037;0008;0008;0008;0009;4095;0035;0007;0007;0007;0006;0
21:57:30:925;4095;4095;0043;0010;0009;0010;4095;4095;0040;0006;0006;0006;4095;0037;0008;0008;0008;0008;4095;0036;0007;0006;0006;0006;0
21:57:30:926;4095;4095;0044;0010;0008;0010;4095;4095;0040;0006;0006;0006;4095;0037;0008;0008;0007;0008;4095;0035;0006;0007;0007;0006;0
21:57:30:927;4095;4095;0044;0011;0010;0010;4095;4095;0040;0006;0006;0006;4095;0037;0008;0008;0008;0008;4095;0035;0006;0006;0007;0006;0
21:57:30:929;4095;4095;0043;0009;0010;0009;4095;4095;0040;0005;0006;0005;4095;0037;0008;0008;0008;0007;4095;0035;0007;0006;0006;0006;0
21:57:30:930;4095;4095;0043;0010;0009;0011;4095;4095;0041;0006;0006;0006;4095;0037;0007;0008;0008;0008;4095;0036;0007;0007;0007;0006;0
21:57:30:931;4095;4095;0044;0010;0009;0009;4095;4095;0040;0006;0006;0006;4095;0037;0008;0008;0008;0008;4095;0035;0007;0006;0006;0007;0
21:57:30:932;4095;4095;0043;0010;0009;0010;4095;4095;0041;0006;0005;0006;4095;0037;0008;0008;0008;0008;4095;0036;0007;0006;0006;0007;0
21:57:30:933;4095;4095;0043;0010;0009;0010;4095;4095;0040;0006;0006;0006;4095;0037;0008;0008;0008;0008;4095;0036;0007;0006;0006;0006;0
21:57:30:934;4095;4095;0044;0010;0009;0010;4095;4095;0040;0006;0006;0006;4095;0037;0008;0008;0008;0009;4095;0035;0007;0007;0006;0007;0
21:57:30:935;4095;4095;0044;0010;0009;0010;4095;4095;0040;0006;0006;0006;4095;0037;0008;0008;0008;0008;4095;0035;0006;0006;0007;0007;0
21:57:30:937;4095;4095;0043;0010;0009;0010;4095;4095;0041;0006;0006;0006;4095;0037;0008;0009;0008;0008;4095;0035;0006;0006;0007;0006;0
21:57:30:938;4095;4095;0043;0010;0010;0009;4095;4095;0040;0006;0006;0006;4095;0037;0009;0009;0008;0009;4095;0036;0007;0006;0007;0006;0
21:57:30:939;4095;4095;0043;0010;0009;0010;4095;4095;0040;0006;0006;0006;4095;0036;0008;0008;0008;0008;4095;0035;0007;0006;0006;0007;0
21:57:30:940;4095;4095;0043;0010;0009;0009;4095;4095;0040;0006;0005;0006;4095;0037;0008;0008;0007;0008;4095;0035;0007;0006;0006;0006;0
21:57:30:942;4095;4095;0044;0010;0009;0010;4095;4095;0040;0006;0006;0006;4095;0036;0007;0008;0008;0008;4095;0035;0007;0006;0006;0006;0
21:57:30:943;4095;4095;0043;0010;0010;0009;4095;4095;0040;0006;0005;0006;4095;0037;0008;0008;0007;0008;4095;0036;0007;0007;0007;0006;0
21:57:30:944;4095;4095;0043;0010;0010;0010;4095;4095;0040;0006;0006;0005;4095;0037;0008;0008;0008;0008;4095;0035;0007;0006;0007;0006;0
21:57:30:945;4095;4095;0043;0010;0009;0011;4095;4095;0041;0006;0006;0006;4095;0037;0008;0008;0008;0008;4095;0035;0007;0007;0006;0007;0
21:57:30:948;4095;4095;0043;0010;0009;0010;4095;4095;0041;0006;0005;0006;4095;0037;0008;0008;0007;0008;4095;0036;0007;0007;0006;0006;0
21:57:30:949;4095;4095;0043;0010;0009;0010;4095;4095;0041;0006;0005;0006;4095;0037;0008;0007;0008;0008;4095;0035;0007;0006;0007;0006;0
21:57:30:950;4095;4095;0043;0010;0009;0009;4095;4095;0040;0006;0006;0006;4095;0037;0008;0008;0008;0008;4095;0035;0006;0006;0006;0007;0
21:57:30:952;4095;4095;0044;0010;0010;0010;4095;4095;0040;0005;0006;0006;4095;0037;0008;0008;0008;0008;4095;0035;0007;0007;0006;0006;0
21:57:30:953;4095;4095;0043;0010;0010;0010;4095;4095;0040;0006;0006;0006;4095;0037;0008;0008;0008;0008;4095;0035;0007;0006;0007;0006;0
21:57:30:954;4095;4095;0044;0010;0009;0010;4095;4095;0040;0006;0006;0006;4095;0037;0008;0008;0008;0009;4095;0035;0007;0007;0006;0007;0
21:57:30:956;4095;4095;0043;0010;0009;0011;4095;4095;0041;0006;0006;0006;4095;0037;0008;0008;0007;0008;4095;0035;0006;0006;0006;0006;0
21:57:30:959;4095;4095;0043;0010;0010;0010;4095;4095;0041;0006;0006;0006;4095;0037;0007;0008;0007;0008;4095;0035;0007;0006;0007;0006;0
21:57:30:960;4095;4095;0043;0010;0009;0010;4095;4095;0040;0007;0006;0005;4095;0036;0008;0008;0007;0008;4095;0035;0007;0007;0007;0006;0
21:57:30:961;4095;4095;0043;0010;0009;0010;4095;4095;0040;0006;0006;0006;4095;0037;0008;0008;0007;0009;4095;0035;0007;0006;0006;0006;0
21:57:30:963;4095;4095;0043;0010;0010;0010;4095;4095;0040;0006;0006;0006;4095;0037;0009;0008;0008;0008;4095;0036;0007;0007;0006;0007;0
21:57:30:964;4095;4095;0043;0010;0009;0010;4095;4095;0040;0006;0006;0006;4095;0037;0008;0008;0007;0008;4095;0035;0007;0006;0007;0006;0
21:57:30:965;4095;4095;0043;0009;0010;0010;4095;4095;0040;0006;0006;0006;4095;0037;0008;0008;0008;0008;4095;0035;0007;0007;0007;0006;0
21:57:30:968;4095;4095;0043;0010;0009;0010;4095;4095;0040;0006;0006;0006;4095;0037;0008;0008;0008;0008;4095;0035;0006;0007;0007;0006;0
21:57:30:972;4095;4095;0044;0010;0009;0010;4095;4095;0040;0006;0005;0006;4095;0037;0008;0008;0007;0008;4095;0035;0006;0006;0007;0006;0
21:57:31:31;4095;4095;0044;0010;0009;0010;4095;4095;0040;0006;0006;0006;4095;0037;0008;0008;0008;0008;4095;0036;0006;0006;0006;0007;0
21:57:31:33;4095;4095;0043;0010;0009;0010;4095;4095;0040;0006;0006;0006;4095;0037;0008;0008;0008;0008;4095;0036;0007;0006;0007;0007;0
21:57:31:34;4095;4095;0043;0010;0009;0010;4095;4095;0040;0006;0006;0006;4095;0037;0008;0008;0007;0008;4095;0036;0007;0007;0007;0006;0
21:57:31:35;4095;4095;0044;0010;0009;0010;4095;4095;0040;0006;0006;0005;4095;0037;0008;0008;0008;0008;4095;0035;0006;0007;0006;0006;0
21:57:31:37;4095;4095;0044;0010;0010;0010;4095;4095;0040;0006;0006;0006;4095;0037;0008;0008;0008;0008;4095;0035;0006;0006;0007;0006;0
21:57:31:38;4095;4095;0043;0011;0009;0010;4095;4095;0041;0006;0006;0005;4095;0037;0008;0008;0008;0008;4095;0036;0007;0006;0007;0007;0
21:57:31:39;4095;4095;0043;0010;0009;0010;4095;4095;0040;0006;0006;0006;4095;0037;0008;0008;0007;0008;4095;0035;0007;0006;0007;0006;0
21:57:31:40;4095;4095;0043;0010;0009;0010;4095;4095;0040;0006;0006;0006;4095;0037;0008;0009;0008;0009;4095;0035;0006;0006;0006;0007;0
21:57:31:41;4095;4095;0044;0010;0009;0010;4095;4095;0040;0006;0006;0006;4095;0037;0008;0009;0008;0008;4095;0036;0006;0006;0007;0007;0
21:57:31:44;4095;4095;0044;0010;0009;0010;4095;4095;0040;0006;0006;0006;4095;0037;0008;0008;0008;0008;4095;0035;0007;0007;0007;0007;0
21:57:31:45;4095;4095;0043;0010;0009;0011;4095;4095;0040;0006;0005;0006;4095;0037;0008;0008;0008;0008;4095;0035;0007;0006;0007;0007;0
21:57:31:46;4095;4095;0043;0010;0009;0010;4095;4095;0040;0006;0006;0006;4095;0037;0008;0008;0007;0008;4095;0035;0007;0006;0006;0007;0
21:57:31:47;4095;4095;0043;0010;0010;0010;4095;4095;0040;0006;0006;0006;4095;0037;0009;0008;0008;0008;4095;0035;0007;0007;0007;0007;0
21:57:31:48;4095;4095;0044;0009;0009;0010;4095;4095;0040;0006;0006;0006;4095;0037;0008;0008;0007;0008;4095;0035;0007;0007;0007;0006;0
21:57:31:49;4095;4095;0044;0010;0009;0010;4095;4095;0040;0006;0006;0006;4095;0037;0008;0008;0008;0008;4095;0035;0006;0006;0006;0006;0
21:57:31:50;4095;4095;0043;0011;0009;0010;4095;4095;0040;0006;0005;0006;4095;0037;0008;0008;0008;0008;4095;0035;0007;0007;0007;0007;0
21:57:31:51;4095;4095;0043;0010;0010;0009;4095;4095;0041;0006;0006;0006;4095;0037;0009;0009;0007;0008;4095;0035;0007;0006;0007;0006;0
21:57:31:52;4095;4095;0043;0010;0009;0010;4095;4095;0040;0006;0006;0006;4095;0037;0008;0008;0008;0008;4095;0036;0007;0007;0006;0007;0
21:57:31:55;4095;4095;0043;0010;0009;0010;4095;4095;0040;0006;0006;0006;4095;0037;0008;0008;0007;0008;4095;0035;0007;0006;0007;0006;0
21:57:31:56;4095;4095;0044;0010;0009;0009;4095;4095;0040;0006;0006;0006;4095;0037;0008;0008;0008;0008;4095;0035;0006;0006;0007;0007;0
21:57:31:57;4095;4095;0043;0010;0009;0010;4095;4095;0040;0006;0006;0006;4095;0036;0008;0008;0008;0008;4095;0035;0007;0007;0007;0006;0
21:57:31:58;4095;4095;0043;0010;0009;0009;4095;4095;0040;0006;0006;0006;4095;0037;0007;0008;0007;0008;4095;0035;0007;0007;0006;0006;0
21:57:31:59;4095;4095;0043;0010;0010;0010;4095;4095;0040;0006;0006;0006;4095;0036;0008;0008;0008;0008;4095;0035;0006;0007;0007;0006;0
21:57:31:60;4095;4095;0043;0010;0010;0010;4095;4095;0040;0006;0006;0006;4095;0037;0008;0008;0007;0008;4095;0035;0007;0006;0007;0007;0
21:57:31:61;4095;4095;0043;0010;0009;0010;4095;4095;0040;0006;0006;0006;4095;0037;0008;0008;0008;0009;4095;0035;0007;0007;0007;0006;0
21:57:31:62;4095;4095;0043;0010;0009;0010;4095;4095;0040;0005;0006;0006;4095;0037;0008;0008;0007;0008;4095;0035;0006;0006;0006;0006;0
21:57:31:63;4095;4095;0043;0010;0009;0009;4095;4095;0040;0006;0006;0005;4095;0037;0008;0009;0008;0008;4095;0036;0007;0007;0007;0006;0
21:57:31:65;4095;4095;0043;0010;0009;0010;4095;4095;0040;0006;0005;0006;4095;0037;0008;0008;0008;0009;4095;0035;0007;0006;0007;0006;0
21:57:31:66;4095;4095;0043;0011;0009;0010;4095;4095;0041;0006;0006;0006;4095;0037;0008;0008;0007;0008;4095;0035;0007;0006;0006;0006;0
21:57:31:67;4095;4095;0043;0010;0009;0010;4095;4095;0040;0006;0006;0006;4095;0037;0008;0008;0008;0008;4095;0035;0007;0007;0006;0006;0
21:57:31:68;4095;4095;0043;0010;0009;0010;4095;4095;0040;0006;0005;0006;4095;0037;0008;0008;0007;0008;4095;0035;0007;0007;0006;0006;0
21:57:31:69;4095;4095;0044;0010;0009;0009;4095;4095;0041;0005;0006;0006;4095;0037;0008;0008;0008;0008;4095;0036;0006;0006;0006;0006;0
21:57:31:139;4095;4095;0043;0010;0010;0010;4095;4095;0040;0006;0006;0006;4095;0037;0008;0009;0007;0008;4095;0035;0007;0006;0007;0007;0
21:57:31:140;4095;4095;0043;0010;0009;0009;4095;4095;0041;0006;0005;0006;4095;0036;0008;0008;0008;0008;4095;0036;0007;0006;0007;0006;0
21:57:31:142;4095;4095;0043;0010;0009;0010;4095;4095;0040;0006;0006;0006;4095;0037;0008;0008;0008;0008;4095;0035;0007;0006;0006;0007;0
21:57:31:143;4095;4095;0044;0010;0010;0010;4095;4095;0041;0006;0006;0006;4095;0037;0007;0008;0008;0008;4095;0035;0007;0007;0007;0006;0
21:57:31:144;4095;4095;0043;0010;0009;0010;4095;4095;0040;0006;0006;0006;4095;0037;0009;0008;0008;0008;4095;0035;0007;0007;0007;0007;0
21:57:31:145;4095;4095;0043;0009;0009;0009;4095;4095;0040;0006;0006;0006;4095;0037;0008;0008;0008;0008;4095;0035;0007;0006;0006;0007;0
21:57:31:146;4095;4095;0043;0010;0010;0010;4095;4095;0040;0006;0006;0006;4095;0037;0007;0008;0007;0008;4095;0035;0006;0006;0006;0006;0
21:57:31:147;4095;4095;0043;0010;0010;0010;4095;4095;0040;0006;0006;0006;4095;0037;0008;0009;0008;0008;4095;0035;0007;0006;0007;0006;0
21:57:31:148;4095;4095;0043;0010;0009;0009;4095;4095;0041;0006;0005;0005;4095;0037;0008;0008;0008;0008;4095;0035;0006;0006;0007;0006;0
21:57:31:149;4095;4095;0043;0009;0009;0010;4095;4095;0040;0006;0006;0005;4095;0036;0008;0008;0007;0008;4095;0036;0006;0006;0007;0007;0
21:57:31:152;4095;4095;0044;0010;0009;0009;4095;4095;0040;0006;0006;0005;4095;0037;0008;0008;0008;0009;4095;0036;0007;0006;0006;0006;0
21:57:31:153;4095;4095;0043;0010;0009;0010;4095;4095;0041;0006;0006;0006;4095;0037;0008;0008;0008;0008;4095;0036;0007;0006;0006;0006;0
21:57:31:154;4095;4095;0044;0010;0009;0010;4095;4095;0040;0005;0006;0006;4095;0037;0008;0008;0008;0008;4095;0035;0007;0006;0006;0007;0
21:57:31:156;4095;4095;0044;0010;0010;0010;4095;4095;0040;0006;0006;0006;4095;0037;0008;0008;0007;0008;4095;0035;0007;0006;0006;0007;0
21:57:31:157;4095;4095;0044;0010;0009;0010;4095;4095;0040;0006;0006;0006;4095;0037;0008;0008;0008;0008;4095;0035;0007;0006;0007;0007;0
21:57:31:158;4095;4095;0043;0011;0009;0010;4095;4095;0040;0006;0006;0006;4095;0037;0008;0008;0008;0008;4095;0035;0007;0006;0007;0007;0
21:57:31:159;4095;4095;0043;0010;0009;0010;4095;4095;0041;0006;0005;0005;4095;0037;0008;0008;0008;0008;4095;0035;0007;0007;0007;0006;0
21:57:31:162;4095;4095;0043;0010;0009;0010;4095;4095;0040;0006;0006;0006;4095;0037;0008;0008;0007;0008;4095;0035;0007;0006;0006;0006;0
21:57:31:163;4095;4095;0044;0010;0009;0010;4095;4095;0041;0007;0006;0005;4095;0037;0008;0008;0008;0008;4095;0035;0006;0007;0007;0007;0
21:57:31:164;4095;4095;0044;0010;0009;0010;4095;4095;0040;0006;0006;0006;4095;0037;0008;0008;0008;0008;4095;0035;0006;0006;0007;0006;0
21:57:31:165;4095;4095;0043;0010;0009;0010;4095;4095;0040;0006;0006;0006;4095;0037;0008;0008;0008;0007;4095;0035;0007;0007;0006;0006;0
21:57:31:166;4095;4095;0043;0010;0009;0009;4095;4095;0040;0007;0006;0006;4095;0037;0008;0008;0008;0008;4095;0036;0007;0007;0007;0006;0
21:57:31:167;4095;4095;0043;0010;0009;0010;4095;4095;0040;0006;0006;0006;4095;0037;0008;0008;0007;0008;4095;0035;0006;0006;0007;0006;0
21:57:31:169;4095;4095;0044;0010;0009;0010;4095;4095;0040;0006;0006;0006;4095;0037;0008;0009;0008;0008;4095;0035;0007;0006;0006;0007;0
21:57:31:170;4095;4095;0044;0010;0009;0010;4095;4095;0040;0006;0006;0006;4095;0037;0008;0008;0007;0008;4095;0035;0007;0007;0006;0006;0
21:57:31:175;4095;4095;0043;0010;0009;0010;4095;4095;0040;0006;0006;0006;4095;0037;0008;0008;0008;0008;4095;0035;0007;0006;0007;0007;0
21:57:31:176;4095;4095;0040;0010;0010;0010;4095;4095;0036;0006;0006;0006;4095;0037;0007;0007;0007;0008;4095;0035;0006;0006;0006;0006;0
21:57:31:177;4095;4095;0044;0011;0009;0010;4095;4095;0040;0006;0006;0006;4095;0037;0008;0008;0008;0008;4095;0035;0007;0006;0007;0006;0
21:57:31:178;4095;4095;0044;0011;0009;0010;4095;4095;0041;0007;0005;0006;4095;0037;0008;0008;0008;0008;4095;0035;0007;0007;0007;0006;0
21:57:31:179;4095;4095;0043;0010;0009;0010;4095;4095;0040;0006;0006;0005;4095;0037;0008;0009;0008;0008;4095;0035;0006;0007;0007;0006;0
21:57:31:180;4095;4095;0043;0010;0008;0010;4095;4095;0040;0006;0006;0006;4095;0037;0007;0008;0008;0008;4095;0035;0006;0006;0006;0007;0
21:57:31:181;4095;4095;0043;0010;0010;0010;4095;4095;0040;0006;0005;0006;4095;0037;0007;0008;0008;0008;4095;0035;0007;0006;0006;0006;0
21:57:31:182;4095;4095;0043;0010;0010;0010;4095;4095;0041;0006;0006;0006;4095;0036;0007;0008;0007;0008;4095;0035;0006;0006;0007;0006;0
21:57:31:245;4095;4095;0044;0010;0009;0009;4095;4095;0040;0006;0006;0006;4095;0037;0008;0007;0007;0008;4095;0035;0007;0006;0006;0006;0
21:57:31:246;4095;4095;0043;0010;0009;0010;4095;4095;0040;0006;0006;0006;4095;0037;0008;0008;0008;0008;4095;0035;0006;0006;0007;0006;0
21:57:31:248;4095;4095;0043;0010;0009;0010;4095;4095;0040;0006;0005;0006;4095;0037;0008;0008;0008;0008;4095;0035;0007;0006;0006;0006;0
21:57:31:249;4095;4095;0043;0010;0010;0010;4095;4095;0040;0006;0006;0005;4095;0037;0008;0009;0007;0008;4095;0035;0007;0007;0007;0007;0
21:57:31:250;4095;4095;0044;0010;0009;0010;4095;4095;0040;0006;0006;0005;4095;0037;0008;0009;0008;0009;4095;0035;0007;0006;0007;0006;0
21:57:31:252;4095;4095;0043;0009;0009;0010;4095;4095;0041;0006;0006;0006;4095;0037;0008;0008;0008;0008;4095;0035;0007;0006;0006;0007;0
21:57:31:253;4095;4095;0043;0010;0010;0009;4095;4095;0040;0006;0006;0006;4095;0037;0008;0008;0007;0008;4095;0035;0007;0007;0006;0006;0
21:57:31:254;4095;4095;0043;0010;0009;0010;4095;4095;0040;0006;0006;0006;4095;0034;0008;0008;0008;0008;4095;0032;0007;0007;0007;0006;0
21:57:31:255;4095;4095;0043;0011;0009;0010;4095;4095;0040;0006;0006;0006;4095;0037;0008;0008;0007;0008;4095;0036;0007;0006;0007;0007;0
21:57:31:257;4095;4095;0043;0010;0009;0010;4095;4095;0040;0007;0006;0006;4095;0037;0008;0008;0008;0008;4095;0036;0007;0006;0006;0006;0
21:57:31:258;4095;4095;0043;0010;0009;0010;4095;4095;0040;0006;0006;0006;4095;0037;0008;0008;0008;0008;4095;0035;0006;0006;0007;0006;0
21:57:31:259;4095;4095;0044;0010;0009;0010;4095;4095;0041;0006;0006;0006;4095;0037;0008;0008;0007;0008;4095;0035;0007;0007;0007;0006;0
21:57:31:260;4095;4095;0043;0010;0009;0011;4095;4095;0040;0006;0006;0006;4095;0037;0008;0008;0008;0008;4095;0035;0006;0006;0007;0007;0
21:57:31:261;4095;4095;0043;0010;0009;0010;4095;4095;0040;0006;0005;0006;4095;0037;0008;0008;0008;0007;4095;0035;0006;0007;0007;0006;0
21:57:31:262;4095;4095;0040;0010;0010;0009;4095;4095;0036;0006;0006;0006;4095;0037;0007;0008;0008;0008;4095;0036;0006;0007;0007;0006;0
21:57:31:264;4095;4095;0043;0010;0010;0010;4095;4095;0040;0007;0006;0006;4095;0037;0008;0008;0008;0008;4095;0035;0007;0007;0006;0006;0
21:57:31:265;4095;4095;0043;0010;0009;0010;4095;4095;0040;0006;0006;0006;4095;0037;0008;0008;0007;0008;4095;0035;0007;0006;0007;0006;0
21:57:31:267;4095;4095;0043;0010;0009;0010;4095;4095;0040;0006;0006;0006;4095;0037;0008;0008;0008;0009;4095;0035;0007;0006;0007;0007;0
21:57:31:269;4095;4095;0043;0010;0009;0010;4095;4095;0040;0006;0006;0006;4095;0037;0008;0008;0008;0008;4095;0035;0007;0006;0006;0007;0
21:57:31:270;4095;4095;0044;0011;0009;0010;4095;4095;0040;0007;0006;0006;4095;0037;0008;0008;0008;0008;4095;0035;0007;0007;0006;0006;0
21:57:31:272;4095;4095;0044;0010;0009;0010;4095;4095;0040;0006;0006;0006;4095;0037;0007;0008;0008;0009;4095;0035;0007;0006;0006;0006;0
21:57:31:273;4095;4095;0040;0010;0009;0010;4095;4095;0037;0006;0006;0005;4095;0037;0008;0008;0008;0008;4095;0035;0006;0006;0006;0006;0
21:57:31:274;4095;4095;0043;0010;0009;0010;4095;4095;0040;0006;0006;0006;4095;0037;0007;0008;0007;0008;4095;0035;0007;0006;0006;0006;0
21:57:31:276;4095;4095;0043;0010;0010;0011;4095;4095;0040;0006;0006;0006;4095;0037;0008;0008;0008;0008;4095;0035;0007;0006;0007;0006;0
21:57:31:278;4095;4095;0043;0009;0009;0010;4095;4095;0040;0006;0006;0006;4095;0037;0008;0008;0008;0009;4095;0035;0007;0006;0006;0006;0
21:57:31:279;4095;4095;0044;0009;0010;0010;4095;4095;0040;0006;0006;0006;4095;0037;0009;0009;0008;0008;4095;0035;0007;0006;0006;0006;0
21:57:31:280;4095;4095;0044;0010;0010;0010;4095;4095;0040;0006;0006;0006;4095;0037;0008;0008;0008;0009;4095;0035;0006;0007;0007;0007;0
21:57:31:282;4095;4095;0044;0010;0009;0010;4095;4095;0041;0006;0006;0006;4095;0037;0008;0008;0008;0008;4095;0035;0007;0006;0006;0007;0
21:57:31:283;4095;4095;0042;0010;0010;0010;4095;4095;0039;0005;0006;0006;4095;0036;0008;0008;0008;0007;4095;0035;0006;0007;0007;0006;0
21:57:31:284;4095;4095;0043;0010;0009;0010;4095;4095;0040;0006;0006;0005;4095;0037;0008;0008;0008;0008;4095;0035;0006;0007;0006;0007;0
21:57:31:285;4095;4095;0044;0010;0009;0010;4095;4095;0040;0006;0006;0006;4095;0037;0008;0008;0008;0008;4095;0035;0007;0007;0007;0007;0
21:57:31:287;4095;4095;0043;0010;0008;0010;4095;4095;0040;0006;0006;0006;4095;0037;0008;0008;0008;0009;4095;0035;0006;0006;0006;0006;0
21:57:31:353;4095;4095;0043;0010;0009;0010;4095;4095;0040;0006;0006;0006;4095;0036;0008;0008;0007;0008;4095;0035;0007;0006;0007;0006;0
21:57:31:354;4095;4095;0043;0010;0010;0010;4095;4095;0041;0006;0006;0006;4095;0037;0008;0008;0008;0008;4095;0035;0007;0006;0006;0007;0
21:57:31:356;4095;4095;0043;0010;0009;0010;4095;4095;0040;0006;0005;0005;4095;0036;0007;0008;0008;0008;4095;0036;0006;0006;0007;0006;0
21:57:31:357;4095;4095;0044;0010;0008;0010;4095;4095;0040;0006;0005;0006;4095;0033;0008;0009;0008;0008;4095;0032;0007;0006;0007;0007;0
21:57:31:358;4095;4095;0044;0010;0010;0010;4095;4095;0040;0006;0005;0005;4095;0037;0008;0008;0008;0008;4095;0035;0007;0007;0007;0006;0
21:57:31:360;4095;4095;0043;0010;0009;0010;4095;4095;0041;0006;0006;0006;4095;0037;0008;0008;0008;0008;4095;0035;0007;0006;0007;0007;0
21:57:31:361;4095;4095;0043;0010;0010;0010;4095;4095;0040;0006;0006;0006;4095;0037;0008;0007;0008;0008;4095;0036;0007;0007;0007;0007;0
21:57:31:362;4095;4095;0044;0010;0009;0011;4095;4095;0041;0006;0006;0006;4095;0037;0008;0008;0008;0008;4095;0035;0007;0006;0006;0007;0
21:57:31:363;4095;4095;0043;0010;0009;0010;4095;4095;0040;0006;0006;0006;4095;0037;0008;0008;0008;0008;4095;0035;0006;0007;0007;0007;0
21:57:31:366;4095;4095;0044;0010;0009;0009;4095;4095;0040;0006;0005;0006;4095;0037;0008;0008;0007;0008;4095;0035;0006;0006;0006;0007;0
21:57:31:367;4095;4095;0043;0010;0009;0010;4095;4095;0040;0006;0005;0006;4095;0033;0007;0008;0007;0008;4095;0032;0006;0006;0006;0007;0
21:57:31:369;4095;4095;0044;0010;0009;0010;4095;4095;0040;0006;0006;0005;4095;0037;0008;0008;0008;0008;4095;0035;0007;0006;0006;0006;0
21:57:31:371;4095;4095;0043;0010;0009;0010;4095;4095;0040;0006;0006;0006;4095;0037;0007;0009;0008;0008;4095;0036;0007;0006;0006;0007;0
21:57:31:373;4095;4095;0043;0010;0009;0009;4095;4095;0040;0006;0006;0006;4095;0037;0008;0008;0008;0007;4095;0036;0006;0007;0007;0007;0
21:57:31:376;4095;4095;0043;0010;0009;0010;4095;4095;0040;0006;0006;0006;4095;0037;0008;0008;0008;0008;4095;0035;0007;0006;0006;0007;0
21:57:31:377;4095;4095;0043;0010;0009;0010;4095;4095;0041;0006;0006;0006;4095;0036;0008;0008;0007;0009;4095;0035;0007;0006;0007;0006;0
21:57:31:379;4095;4095;0043;0009;0009;0010;4095;4095;0040;0006;0006;0005;4095;0037;0008;0008;0007;0008;4095;0035;0006;0006;0007;0007;0
21:57:31:380;4095;4095;0044;0010;0008;0010;4095;4095;0040;0006;0005;0006;4095;0037;0008;0008;0007;0008;4095;0035;0007;0007;0005;0006;0
21:57:31:381;4095;4095;0044;0010;0009;0010;4095;4095;0040;0005;0006;0006;4095;0037;0008;0008;0008;0008;4095;0035;0007;0007;0006;0006;0
21:57:31:382;4095;4095;0043;0010;0009;0010;4095;4095;0040;0006;0006;0006;4095;0037;0008;0008;0007;0009;4095;0036;0007;0007;0006;0006;0
21:57:31:383;4095;4095;0044;0010;0009;0010;4095;4095;0040;0006;0006;0006;4095;0037;0008;0008;0008;0008;4095;0035;0007;0006;0007;0007;0
21:57:31:385;4095;4095;0044;0010;0009;0010;4095;4095;0041;0006;0005;0006;4095;0037;0008;0008;0007;0008;4095;0035;0007;0007;0007;0007;0
21:57:31:388;4095;4095;0043;0010;0009;0010;4095;4095;0041;0006;0005;0006;4095;0037;0008;0007;0007;0008;4095;0035;0006;0006;0007;0006;0
21:57:31:390;4095;4095;0044;0010;0009;0010;4095;4095;0040;0006;0006;0006;4095;0037;0008;0008;0008;0008;4095;0035;0006;0006;0006;0006;0
21:57:31:391;4095;4095;0044;0010;0009;0009;4095;4095;0040;0006;0006;0005;4095;0037;0008;0008;0008;0007;4095;0035;0007;0006;0007;0006;0
21:57:31:393;4095;4095;0043;0010;0009;0010;4095;4095;0040;0006;0006;0005;4095;0037;0008;0008;0007;0008;4095;0035;0006;0007;0006;0007;0
21:57:31:399;4095;4095;0044;0010;0009;0010;4095;4095;0041;0006;0006;0007;4095;0037;0008;0008;0007;0009;4095;0035;0007;0007;0007;0006;0
21:57:31:405;4095;4095;0044;0009;0009;0009;4095;4095;0040;0007;0006;0006;4095;0037;0008;0008;0008;0008;4095;0035;0007;0007;0006;0006;0
21:57:31:407;4095;4095;0044;0010;0009;0010;4095;4095;0040;0006;0006;0006;4095;0037;0008;0008;0007;0008;4095;0035;0007;0006;0006;0006;0
21:57:31:408;4095;4095;0043;0010;0010;0009;4095;4095;0040;0006;0006;0006;4095;0037;0008;0008;0007;0008;4095;0036;0007;0007;0007;0006;0
21:57:31:409;4095;4095;0043;0010;0009;0010;4095;4095;0040;0006;0006;0006;4095;0037;0008;0008;0008;0008;4095;0036;0007;0006;0007;0007;0
21:57:31:411;4095;4095;0043;0010;0009;0010;4095;4095;0040;0006;0006;0006;4095;0037;0008;0007;0008;0008;4095;0036;0007;0006;0006;0007;0
21:57:31:412;4095;4095;0043;0009;0010;0010;4095;4095;0041;0006;0005;0006;4095;0036;0008;0008;0008;0008;4095;0036;0006;0006;0007;0007;0
21:57:31:458;4095;4095;0043;0010;0009;0010;4095;4095;0041;0006;0005;0006;4095;0037;0008;0008;0007;0008;4095;0035;0007;0006;0007;0006;0
21:57:31:460;4095;4095;0044;0010;0009;0010;4095;4095;0041;0005;0006;0006;4095;0037;0008;0008;0007;0008;4095;0035;0007;0007;0006;0006;0
21:57:31:461;4095;4095;0044;0010;0009;0010;4095;4095;0040;0006;0006;0006;4095;0037;0008;0008;0007;0008;4095;0035;0006;0006;0007;0006;0
21:57:31:462;4095;4095;0043;0010;0010;0010;4095;4095;0040;0006;0005;0006;4095;0037;0008;0007;0008;0009;4095;0035;0006;0006;0006;0006;0
21:57:31:463;4095;4095;0043;0010;0009;0010;4095;4095;0040;0006;0005;0006;4095;0037;0008;0009;0008;0008;4095;0035;0006;0007;0006;0006;0
21:57:31:464;4095;4095;0043;0010;0010;0010;4095;4095;0040;0006;0006;0006;4095;0037;0008;0008;0007;0008;4095;0035;0006;0006;0007;0007;0
21:57:31:465;4095;4095;0043;0010;0009;0010;4095;4095;0040;0006;0006;0006;4095;0037;0008;0008;0008;0008;4095;0035;0007;0006;0006;0006;0
21:57:31:466;4095;4095;0044;0010;0009;0010;4095;4095;0041;0006;0005;0006;4095;0037;0008;0008;0008;0008;4095;0035;0006;0007;0006;0007;0
21:57:31:467;4095;4095;0043;0010;0009;0009;4095;4095;0040;0006;0005;0006;4095;0037;0009;0008;0008;0008;4095;0035;0007;0006;0007;0007;0
21:57:31:469;4095;4095;0044;0010;0009;0010;4095;4095;0040;0006;0006;0006;4095;0037;0008;0008;0008;0008;4095;0035;0007;0006;0007;0006;0
21:57:31:471;4095;4095;0043;0011;0009;0010;4095;4095;0040;0006;0006;0006;4095;0037;0008;0008;0008;0008;4095;0035;0007;0006;0007;0007;0
21:57:31:472;4095;4095;0043;0010;0010;0010;4095;4095;0040;0006;0006;0006;4095;0037;0007;0008;0008;0008;4095;0035;0006;0006;0006;0006;0
21:57:31:473;4095;4095;0043;0010;0009;0010;4095;4095;0040;0006;0006;0006;4095;0036;0008;0008;0008;0008;4095;0035;0007;0006;0007;0007;0
21:57:31:474;4095;4095;0043;0010;0009;0010;4095;4095;0041;0005;0006;0006;4095;0037;0008;0008;0007;0008;4095;0035;0006;0006;0006;0007;0
21:57:31:476;4095;4095;0044;0010;0009;0010;4095;4095;0040;0006;0006;0006;4095;0037;0008;0008;0007;0008;4095;0035;0007;0007;0007;0006;0
21:57:31:477;4095;4095;0043;0009;0009;0009;4095;4095;0040;0006;0006;0005;4095;0037;0008;0008;0008;0008;4095;0036;0007;0007;0007;0006;0
21:57:31:478;4095;4095;0043;0010;0009;0010;4095;4095;0040;0006;0005;0006;4095;0036;0008;0007;0007;0008;4095;0035;0007;0006;0006;0006;0
21:57:31:479;4095;4095;0044;0010;0009;0010;4095;4095;0040;0006;0005;0006;4095;0036;0008;0008;0008;0008;4095;0036;0007;0006;0007;0007;0
21:57:31:482;4095;4095;0044;0010;0009;0010;4095;4095;0041;0006;0006;0006;4095;0037;0008;0008;0007;0008;4095;0035;0007;0007;0006;0006;0
21:57:31:483;4095;4095;0043;0010;0009;0010;4095;4095;0040;0006;0006;0006;4095;0037;0008;0008;0007;0009;4095;0036;0007;0006;0006;0006;0
21:57:31:484;4095;4095;0043;0009;0009;0010;4095;4095;0041;0006;0006;0006;4095;0037;0008;0008;0007;0007;4095;0035;0007;0007;0006;0006;0
21:57:31:485;4095;4095;0043;0010;0009;0010;4095;4095;0040;0006;0006;0005;4095;0037;0008;0008;0008;0008;4095;0036;0007;0006;0006;0007;0
21:57:31:486;4095;4095;0043;0010;0009;0010;4095;4095;0041;0006;0006;0006;4095;0036;0008;0009;0008;0008;4095;0036;0007;0006;0006;0007;0
21:57:31:489;4095;4095;0043;0010;0009;0010;4095;4095;0040;0006;0005;0006;4095;0037;0008;0008;0007;0008;4095;0036;0006;0007;0006;0007;0
21:57:31:490;4095;4095;0043;0010;0009;0010;4095;4095;0040;0006;0006;0006;4095;0037;0008;0008;0008;0008;4095;0035;0007;0007;0007;0007;0
21:57:31:492;4095;4095;0043;0010;0009;0010;4095;4095;0040;0006;0005;0006;4095;0037;0008;0008;0008;0008;4095;0035;0007;0006;0006;0006;0
21:57:31:494;4095;4095;0043;0010;0010;0010;4095;4095;0040;0006;0006;0006;4095;0037;0008;0009;0008;0008;4095;0036;0006;0007;0006;0007;0
21:57:31:495;4095;4095;0044;0010;0009;0010;4095;4095;0040;0006;0006;0006;4095;0037;0008;0008;0007;0008;4095;0035;0007;0006;0007;0006;0
21:57:31:496;4095;4095;0044;0010;0010;0009;4095;4095;0040;0006;0006;0006;4095;0037;0008;0008;0008;0009;4095;0035;0007;0007;0007;0006;0
21:57:31:497;4095;4095;0043;0010;0009;0010;4095;4095;0040;0006;0006;0006;4095;0036;0007;0008;0008;0008;4095;0035;0007;0007;0007;0006;0
21:57:31:498;4095;4095;0043;0010;0009;0010;4095;4095;0041;0006;0005;0006;4095;0037;0008;0008;0008;0008;4095;0035;0007;0007;0006;0007;0
21:57:31:499;4095;4095;0044;0010;0009;0010;4095;4095;0041;0006;0006;0006;4095;0037;0008;0008;0008;0008;4095;0035;0007;0006;0007;0007;0
21:57:31:500;4095;4095;0043;0010;0009;0009;4095;4095;0040;0006;0005;0006;4095;0037;0008;0008;0007;0009;4095;0035;0007;0006;0006;0007;0
21:57:31:567;4095;4095;0043;0010;0010;0010;4095;4095;0041;0006;0006;0006;4095;0037;0008;0008;0007;0008;4095;0035;0007;0006;0007;0006;0
21:57:31:568;4095;4095;0044;0010;0009;0010;4095;4095;0040;0006;0006;0006;4095;0037;0008;0008;0008;0008;4095;0035;0007;0006;0006;0006;0
21:57:31:570;4095;4095;0044;0010;0009;0010;4095;4095;0041;0006;0006;0006;4095;0037;0009;0008;0008;0009;4095;0036;0007;0006;0006;0006;0
21:57:31:571;4095;4095;0043;0010;0010;0009;4095;4095;0040;0006;0006;0006;4095;0037;0008;0008;0008;0008;4095;0035;0007;0006;0007;0007;0
21:57:31:572;4095;4095;0043;0010;0009;0010;4095;4095;0040;0006;0005;0006;4095;0037;0008;0008;0008;0008;4095;0036;0006;0006;0007;0007;0
21:57:31:573;4095;4095;0044;0010;0009;0010;4095;4095;0040;0006;0006;0006;4095;0037;0008;0008;0008;0008;4095;0035;0006;0007;0006;0007;0
21:57:31:574;4095;4095;0043;0011;0009;0010;4095;4095;0040;0006;0006;0006;4095;0037;0007;0008;0008;0008;4095;0036;0006;0007;0006;0006;0
21:57:31:576;4095;4095;0043;0010;0009;0010;4095;4095;0040;0006;0005;0006;4095;0037;0008;0008;0008;0008;4095;0035;0006;0007;0006;0006;0
21:57:31:577;4095;4095;0043;0010;0009;0010;4095;4095;0040;0006;0006;0006;4095;0037;0008;0008;0007;0008;4095;0035;0007;0006;0006;0007;0
21:57:31:578;4095;4095;0043;0011;0009;0010;4095;4095;0040;0006;0006;0006;4095;0037;0008;0008;0008;0007;4095;0035;0007;0006;0007;0006;0
21:57:31:580;4095;4095;0044;0010;0009;0010;4095;4095;0040;0006;0006;0006;4095;0037;0008;0008;0008;0008;4095;0035;0007;0007;0006;0007;0
21:57:31:581;4095;4095;0043;0010;0009;0010;4095;4095;0040;0006;0006;0006;4095;0037;0008;0008;0007;0008;4095;0035;0006;0006;0007;0007;0
21:57:31:583;4095;4095;0043;0010;0009;0011;4095;4095;0041;0006;0006;0005;4095;0037;0008;0008;0008;0008;4095;0035;0007;0006;0006;0007;0
21:57:31:584;4095;4095;0043;0011;0009;0010;4095;4095;0040;0006;0006;0006;4095;0037;0007;0008;0008;0007;4095;0035;0007;0006;0006;0006;0
21:57:31:585;4095;4095;0044;0010;0009;0010;4095;4095;0040;0006;0006;0006;4095;0037;0009;0008;0008;0009;4095;0035;0006;0006;0006;0007;0
21:57:31:586;4095;4095;0043;0010;0009;0010;4095;4095;0040;0006;0006;0006;4095;0037;0008;0009;0008;0008;4095;0035;0006;0006;0006;0007;0
21:57:31:587;4095;4095;0043;0009;0009;0010;4095;4095;0040;0006;0006;0006;4095;0037;0008;0008;0008;0008;4095;0035;0006;0006;0007;0006;0
21:57:31:588;4095;4095;0043;0010;0009;0010;4095;4095;0041;0006;0006;0006;4095;0036;0008;0009;0007;0008;4095;0035;0007;0007;0006;0006;0
21:57:31:590;4095;4095;0043;0010;0009;0009;4095;4095;0040;0006;0006;0006;4095;0034;0008;0009;0007;0008;4095;0032;0007;0007;0007;0007;0
21:57:31:591;4095;4095;0043;0010;0009;0010;4095;4095;0040;0006;0006;0006;4095;0037;0008;0008;0008;0008;4095;0035;0007;0007;0007;0006;0
21:57:31:592;4095;4095;0043;0010;0009;0010;4095;4095;0040;0006;0006;0006;4095;0037;0008;0008;0007;0009;4095;0035;0006;0007;0006;0006;0
21:57:31:594;4095;4095;0043;0010;0009;0010;4095;4095;0040;0006;0006;0005;4095;0037;0008;0008;0007;0008;4095;0035;0007;0007;0007;0006;0
21:57:31:595;4095;4095;0043;0010;0009;0010;4095;4095;0041;0006;0006;0006;4095;0037;0008;0009;0008;0008;4095;0035;0007;0006;0007;0006;0
21:57:31:596;4095;4095;0043;0010;0009;0010;4095;4095;0040;0006;0006;0005;4095;0037;0008;0008;0008;0007;4095;0035;0007;0007;0007;0006;0
21:57:31:597;4095;4095;0043;0010;0009;0010;4095;4095;0041;0006;0006;0006;4095;0037;0008;0008;0007;0008;4095;0035;0006;0007;0006;0006;0
21:57:31:598;4095;4095;0043;0010;0009;0010;4095;4095;0040;0005;0006;0006;4095;0036;0008;0008;0008;0008;4095;0035;0007;0007;0007;0006;0
21:57:31:600;4095;4095;0043;0010;0009;0010;4095;4095;0040;0006;0005;0006;4095;0037;0008;0008;0008;0008;4095;0035;0007;0006;0007;0007;0
21:57:31:601;4095;4095;0043;0009;0009;0010;4095;4095;0040;0006;0006;0006;4095;0037;0008;0008;0008;0008;4095;0035;0007;0007;0006;0007;0
21:57:31:602;4095;4095;0044;0010;0009;0010;4095;4095;0040;0006;0006;0006;4095;0037;0008;0008;0008;0008;4095;0035;0007;0006;0006;0007;0
21:57:31:603;4095;4095;0044;0010;0010;0010;4095;4095;0040;0006;0006;0006;4095;0037;0008;0008;0008;0008;4095;0035;0007;0007;0007;0006;0
21:57:31:604;4095;4095;0043;0010;0009;0010;4095;4095;0040;0006;0006;0006;4095;0037;0008;0008;0008;0009;4095;0035;0007;0006;0007;0007;0
21:57:31:605;4095;4095;0044;0011;0009;0010;4095;4095;0040;0006;0006;0006;4095;0037;0008;0008;0007;0008;4095;0036;0007;0007;0007;0007;0
21:57:31:674;4095;4095;0044;0010;0009;0010;4095;4095;0040;0006;0005;0006;4095;0037;0008;0008;0008;0008;4095;0036;0007;0007;0006;0007;0
21:57:31:675;4095;4095;0044;0010;0009;0010;4095;4095;0040;0006;0006;0006;4095;0037;0008;0008;0007;0008;4095;0035;0007;0006;0006;0007;0
21:57:31:676;4095;4095;0044;0010;0009;0010;4095;4095;0040;0006;0006;0006;4095;0037;0008;0008;0008;0008;4095;0035;0006;0007;0006;0006;0
21:57:31:677;4095;4095;0044;0010;0009;0010;4095;4095;0040;0006;0006;0006;4095;0036;0008;0008;0008;0009;4095;0036;0007;0007;0007;0006;0
21:57:31:678;4095;4095;0043;0010;0009;0009;4095;4095;0041;0006;0006;0005;4095;0037;0008;0009;0008;0008;4095;0035;0006;0006;0006;0006;0
21:57:31:679;4095;4095;0043;0010;0009;0010;4095;4095;0040;0006;0006;0006;4095;0037;0008;0008;0008;0008;4095;0035;0007;0006;0006;0007;0
21:57:31:680;4095;4095;0043;0010;0009;0010;4095;4095;0041;0006;0005;0006;4095;0037;0008;0008;0007;0008;4095;0035;0007;0006;0007;0006;0
21:57:31:681;4095;4095;0043;0010;0010;0009;4095;4095;0040;0006;0006;0005;4095;0037;0007;0008;0007;0008;4095;0035;0007;0006;0007;0006;0
21:57:31:682;4095;4095;0044;0010;0010;0010;4095;4095;0040;0006;0006;0006;4095;0037;0008;0008;0009;0008;4095;0035;0007;0007;0007;0007;0
21:57:31:683;4095;4095;0043;0010;0009;0010;4095;4095;0040;0006;0006;0006;4095;0037;0008;0008;0008;0008;4095;0035;0006;0007;0006;0007;0
21:57:31:684;4095;4095;0044;0010;0009;0010;4095;4095;0040;0006;0006;0006;4095;0037;0008;0008;0008;0008;4095;0035;0007;0006;0006;0006;0
21:57:31:686;4095;4095;0043;0010;0010;0009;4095;4095;0040;0006;0006;0006;4095;0037;0008;0008;0007;0008;4095;0035;0007;0006;0006;0007;0
21:57:31:687;4095;4095;0043;0010;0009;0010;4095;4095;0040;0006;0006;0006;4095;0037;0008;0007;0006;0008;4095;0035;0007;0006;0006;0006;0
21:57:31:688;4095;4095;0044;0010;0009;0010;4095;4095;0040;0006;0006;0006;4095;0037;0008;0008;0008;0008;4095;0036;0007;0007;0007;0006;0
21:57:31:689;4095;4095;0043;0010;0010;0010;4095;4095;0040;0006;0006;0006;4095;0037;0008;0008;0007;0008;4095;0035;0007;0006;0006;0006;0
21:57:31:690;4095;4095;0043;0010;0009;0010;4095;4095;0040;0006;0006;0006;4095;0037;0008;0008;00